0 0.441335 0.297065 0.066157 0.056047
0 0.382151 0.129087 0.053529 0.081039
0 0.250550 0.337783 0.062115 0.053386
0 0.062079 0.285464 0.040892 0.080756
0 0.377140 0.790444 0.022050 0.099338
0 0.341971 0.713786 0.060823 0.043296
0 0.421341 0.679827 0.056795 0.055697
0 0.968648 0.678043 0.036701 0.047091
0 0.899758 0.611209 0.036593 0.059718
0 0.522507 0.377012 0.059456 0.046408
0 0.853223 0.758044 0.046358 0.047195
0 0.805268 0.892255 0.061776 0.055778
0 0.915700 0.909245 0.045958 0.065997
0 0.967610 0.116113 0.018357 0.075184
0 0.254913 0.187219 0.025325 0.024917
0 0.259155 0.160627 0.028144 0.022971
