0 0.067432 0.240197 0.085888 0.081538
0 0.293802 0.393090 0.032191 0.056853
0 0.662566 0.312100 0.126952 0.085046
0 0.649436 0.374832 0.119910 0.072753
0 0.829754 0.521763 0.062934 0.084876
0 0.853614 0.377334 0.091170 0.078976
0 0.402585 0.285946 0.019625 0.041035
0 0.516989 0.564573 0.053399 0.042225
0 0.484072 0.775501 0.060040 0.051486
0 0.454270 0.593821 0.028379 0.077405
0 0.429869 0.741521 0.024259 0.077331
0 0.458053 0.727521 0.017754 0.036534
0 0.477118 0.610210 0.026691 0.040237
0 0.253310 0.909556 0.031011 0.061092
0 0.285874 0.903777 0.023174 0.038122
0 0.301850 0.921433 0.019332 0.020626
0 0.387444 0.950432 0.052580 0.051742
0 0.839771 0.128197 0.047325 0.056068
