0 0.251856 0.127168 0.088124 0.048097
0 0.224163 0.167290 0.169335 0.074623
0 0.161313 0.216149 0.175959 0.074877
0 0.381087 0.131382 0.077648 0.043647
0 0.398590 0.154895 0.079119 0.039836
0 0.416579 0.182038 0.062234 0.033291
0 0.439222 0.200344 0.050481 0.024493
0 0.461623 0.222180 0.040279 0.029468
0 0.506655 0.251203 0.087426 0.038639
0 0.522645 0.272201 0.093352 0.043775
0 0.496934 0.309724 0.035276 0.022749
0 0.398730 0.279150 0.106660 0.044337
0 0.402422 0.302449 0.100816 0.044123
0 0.425958 0.323426 0.073778 0.036745
0 0.322632 0.239764 0.039537 0.025586
0 0.271352 0.276375 0.062556 0.037134
0 0.273336 0.304195 0.045654 0.027234
0 0.310657 0.357998 0.038571 0.025626
0 0.324093 0.384339 0.038970 0.028228
0 0.349629 0.403979 0.038367 0.024363
0 0.349760 0.434672 0.029221 0.017034
