0 0.573909 0.866325 0.080374 0.075671
0 0.957492 0.539334 0.074443 0.085401
0 0.930066 0.226929 0.058797 0.062512
0 0.830701 0.116958 0.063196 0.063641
0 0.417652 0.425551 0.059085 0.149849
0 0.371350 0.473236 0.040247 0.066407
0 0.317332 0.482267 0.032353 0.076518
0 0.365503 0.095244 0.081474 0.093684
0 0.300239 0.041655 0.073180 0.039833
0 0.316418 0.638447 0.047234 0.105449
0 0.399912 0.553642 0.027029 0.039916
0 0.407815 0.641270 0.032301 0.031026
0 0.364951 0.680394 0.026004 0.036050
0 0.361399 0.544337 0.022839 0.023013
0 0.334945 0.558184 0.023003 0.046104
0 0.346352 0.637206 0.022986 0.041974
