0 0.682090 0.240108 0.058879 0.056301
0 0.959328 0.889242 0.041184 0.066973
0 0.689098 0.878325 0.114461 0.077974
0 0.560940 0.976918 0.063612 0.046164
0 0.336296 0.308823 0.067858 0.100483
0 0.355107 0.505983 0.043028 0.097086
0 0.317339 0.490009 0.039193 0.113636
0 0.281695 0.467874 0.033007 0.073489
0 0.171755 0.621851 0.028588 0.055530
0 0.200710 0.627255 0.028588 0.056867
0 0.363288 0.709074 0.045041 0.134509
0 0.849786 0.897235 0.030533 0.091822
0 0.879282 0.874776 0.018821 0.036284
0 0.310171 0.756151 0.027433 0.036420
