0 0.333669 0.957549 0.076789 0.055883
0 0.542723 0.774557 0.057438 0.084346
0 0.308824 0.497921 0.078318 0.074750
0 0.540934 0.510514 0.051189 0.049366
0 0.492091 0.427724 0.066933 0.053866
0 0.741740 0.572616 0.046892 0.044668
0 0.385761 0.289600 0.047653 0.044501
0 0.519359 0.188585 0.064975 0.059575
0 0.493285 0.264922 0.061775 0.070778
0 0.275803 0.357985 0.037975 0.019434
0 0.370172 0.417261 0.070665 0.049044
0 0.179744 0.152539 0.067330 0.071615
0 0.278433 0.217155 0.054570 0.067014
0 0.662129 0.130917 0.056767 0.036898
0 0.670376 0.112191 0.057993 0.039439
0 0.942166 0.218115 0.084443 0.062223
0 0.966515 0.184551 0.066971 0.057674
0 0.987758 0.230585 0.024484 0.029397
0 0.973760 0.500053 0.052479 0.064060
0 0.258030 0.010200 0.033837 0.020399
