0 0.899438 0.929716 0.105287 0.107586
0 0.744076 0.656802 0.082316 0.035648
0 0.798368 0.574814 0.084749 0.047217
0 0.619588 0.286528 0.079386 0.097012
0 0.977312 0.265843 0.045375 0.050222
0 0.405362 0.020018 0.067320 0.040036
0 0.557227 0.021650 0.059590 0.042902
0 0.400719 0.396639 0.076624 0.059196
0 0.252079 0.438447 0.053241 0.048882
0 0.136596 0.426916 0.049009 0.053770
0 0.345903 0.288341 0.055221 0.053454
0 0.260202 0.114576 0.055960 0.063862
0 0.537473 0.463831 0.090948 0.088185
0 0.488652 0.410166 0.092375 0.085125
0 0.314591 0.878225 0.043759 0.040163
0 0.402536 0.881021 0.047914 0.046276
0 0.545025 0.146277 0.057972 0.066464
0 0.073324 0.281415 0.055559 0.048844
