0 0.443039 0.349841 0.082098 0.035636
0 0.615113 0.384710 0.079611 0.037171
0 0.607650 0.428987 0.111122 0.043096
0 0.634601 0.476847 0.115269 0.045995
0 0.431844 0.389697 0.137659 0.044075
0 0.429771 0.430230 0.063854 0.037294
0 0.449363 0.494872 0.079818 0.040609
0 0.426868 0.529266 0.064683 0.039781
0 0.614698 0.581495 0.115269 0.051348
0 0.616357 0.625401 0.208147 0.069616
0 0.773919 0.652584 0.063854 0.040112
0 0.789469 0.691755 0.059293 0.039672
0 0.420649 0.639904 0.043952 0.035636
0 0.401265 0.676783 0.084794 0.034807
0 0.601016 0.658966 0.243806 0.075416
0 0.521405 0.683271 0.099513 0.047783
0 0.398673 0.741507 0.043122 0.034969
0 0.526070 0.753942 0.042501 0.034977
0 0.654608 0.769384 0.059086 0.039340
0 0.765627 0.783166 0.067171 0.038726
0 0.506582 0.788554 0.081477 0.036244
0 0.412356 0.779963 0.077123 0.033978
0 0.678760 0.809937 0.026537 0.030795
