0 0.691858 0.780996 0.065349 0.040763
0 0.750237 0.989544 0.054448 0.020912
0 0.704801 0.735164 0.053682 0.042455
0 0.703938 0.656228 0.060347 0.062441
0 0.819318 0.625056 0.041429 0.039220
0 0.774438 0.764736 0.050217 0.049443
0 0.217671 0.810562 0.046214 0.040229
0 0.064519 0.776353 0.044523 0.040258
0 0.126607 0.793145 0.038809 0.040406
0 0.752812 0.378865 0.082906 0.044398
0 0.782362 0.341629 0.049474 0.037933
0 0.679467 0.309528 0.049023 0.057025
0 0.725709 0.248658 0.086209 0.079379
0 0.892361 0.216752 0.061831 0.044147
0 0.895032 0.371172 0.066072 0.060075
0 0.982675 0.442531 0.034649 0.038601
0 0.948012 0.435909 0.033528 0.035786
0 0.891161 0.505155 0.045948 0.046507
0 0.950810 0.520013 0.040572 0.039245
0 0.749676 0.175893 0.046659 0.059018
0 0.981245 0.235393 0.037511 0.025284
0 0.760043 0.055212 0.098057 0.054495
0 0.330583 0.134457 0.099967 0.060817
0 0.328186 0.016036 0.049566 0.032072
0 0.444689 0.290067 0.045412 0.051644
0 0.362593 0.099800 0.066237 0.056855
0 0.249752 0.618964 0.046441 0.043542
0 0.150904 0.538824 0.058571 0.036128
0 0.021291 0.384693 0.019138 0.020679
0 0.029143 0.350938 0.025430 0.018214
0 0.419812 0.436040 0.043512 0.038821
0 0.359734 0.649439 0.067278 0.047524
0 0.357171 0.718572 0.057975 0.048061
