0 0.397444 0.413196 0.061876 0.074250
0 0.542950 0.411850 0.050675 0.104401
0 0.610679 0.460160 0.035987 0.040648
0 0.607347 0.525393 0.036913 0.028591
0 0.492977 0.761507 0.040646 0.063982
0 0.455897 0.308676 0.053637 0.040426
0 0.500292 0.099719 0.047522 0.042273
0 0.338991 0.198090 0.059957 0.057931
0 0.263339 0.239130 0.064677 0.048264
0 0.213907 0.166750 0.066763 0.077151
0 0.200510 0.051223 0.036319 0.040065
0 0.285526 0.402560 0.042768 0.060357
0 0.372138 0.306564 0.036057 0.043609
0 0.189650 0.491835 0.070926 0.062858
0 0.118217 0.472808 0.050385 0.051534
0 0.052408 0.665943 0.053212 0.069659
