0 0.938434 0.159621 0.072161 0.070584
0 0.930050 0.606965 0.060688 0.057849
0 0.775570 0.169465 0.064576 0.065193
0 0.700640 0.108643 0.052110 0.050219
0 0.068493 0.055576 0.013768 0.048098
0 0.076901 0.183693 0.072425 0.061512
0 0.005626 0.742745 0.011253 0.040269
0 0.115679 0.472420 0.042126 0.042273
0 0.113539 0.543148 0.034760 0.032036
0 0.761534 0.639979 0.065100 0.057974
0 0.948850 0.506605 0.041318 0.042615
0 0.567417 0.844976 0.042006 0.041219
0 0.563040 0.918645 0.045457 0.051805
0 0.256197 0.927533 0.030567 0.037655
