0 0.220584 0.549350 0.066567 0.062902
0 0.066299 0.568515 0.053307 0.064580
0 0.300586 0.682511 0.091311 0.054642
0 0.162274 0.699860 0.045164 0.043748
0 0.439488 0.934262 0.052112 0.045356
0 0.369752 0.610956 0.057762 0.061074
0 0.268527 0.452919 0.055288 0.053819
0 0.413455 0.491479 0.052369 0.048654
0 0.376125 0.295117 0.058927 0.058367
0 0.490840 0.353821 0.055238 0.049678
0 0.677002 0.386724 0.063493 0.058254
0 0.752804 0.399464 0.075055 0.064058
0 0.925425 0.442068 0.065486 0.061663
0 0.733583 0.583784 0.058586 0.058372
0 0.664457 0.614038 0.054820 0.045126
0 0.219264 0.250451 0.051530 0.057676
0 0.168548 0.329312 0.043545 0.042844
0 0.151786 0.349314 0.053213 0.049228
0 0.688658 0.117980 0.051426 0.067904
0 0.283718 0.127728 0.043762 0.045408
0 0.679506 0.345598 0.046645 0.044432
0 0.309027 0.172564 0.058678 0.049504
0 0.703276 0.732893 0.089257 0.091569
