0 0.130291 0.438987 0.075057 0.077874
0 0.444725 0.044066 0.083321 0.072231
0 0.757223 0.060856 0.062240 0.056991
0 0.871202 0.156244 0.062128 0.061748
0 0.576527 0.579872 0.150317 0.054165
0 0.531372 0.627638 0.065230 0.042541
0 0.524202 0.683036 0.075553 0.032808
0 0.909317 0.620882 0.091300 0.080330
0 0.965056 0.684146 0.037306 0.073128
0 0.368274 0.690092 0.104196 0.047305
0 0.449901 0.602382 0.038982 0.027439
0 0.361962 0.596687 0.030021 0.032621
0 0.324403 0.640949 0.035207 0.025638
0 0.460435 0.640135 0.022635 0.022199
0 0.447592 0.667016 0.045414 0.021988
0 0.368301 0.657620 0.041504 0.022992
