0 0.164913 0.124338 0.071790 0.066392
0 0.062850 0.248409 0.060432 0.063168
0 0.273102 0.301223 0.061400 0.068201
0 0.304027 0.333043 0.028677 0.042841
0 0.331693 0.340710 0.019861 0.027304
0 0.351440 0.361089 0.059264 0.068269
0 0.533555 0.066518 0.068618 0.070958
0 0.724360 0.092418 0.072137 0.065985
0 0.824612 0.088811 0.075992 0.074497
0 0.512874 0.320690 0.057510 0.052508
0 0.338093 0.179483 0.063914 0.065880
0 0.107622 0.478646 0.043648 0.037430
0 0.199804 0.590007 0.052860 0.056759
0 0.604077 0.291319 0.032799 0.037324
0 0.626055 0.308521 0.034942 0.036539
0 0.408347 0.218969 0.027141 0.036796
0 0.631914 0.603863 0.051761 0.058706
0 0.664352 0.576577 0.036754 0.039019
0 0.338486 0.811820 0.052293 0.031517
0 0.429263 0.234617 0.018323 0.020500
0 0.442844 0.560652 0.045501 0.040097
0 0.816049 0.256016 0.022523 0.037885
0 0.834132 0.270894 0.015235 0.016616
0 0.766255 0.332289 0.014137 0.019696
0 0.785272 0.338109 0.016111 0.019231
0 0.763119 0.308919 0.019446 0.024647
0 0.681639 0.148552 0.046704 0.058043
