0 0.032257 0.741524 0.064515 0.096144
0 0.199891 0.861206 0.064374 0.048371
0 0.475968 0.618301 0.047280 0.049187
0 0.390785 0.635122 0.059283 0.052081
0 0.352858 0.354392 0.061292 0.062009
0 0.275002 0.315279 0.062235 0.064962
0 0.751762 0.458607 0.043622 0.044285
0 0.931291 0.347363 0.046894 0.042260
0 0.870478 0.945338 0.049866 0.051200
0 0.715431 0.083167 0.059733 0.065238
0 0.700384 0.147266 0.046789 0.048112
0 0.771340 0.226256 0.049772 0.048235
0 0.159799 0.339336 0.064502 0.060734
0 0.115743 0.934875 0.092546 0.042557
0 0.481438 0.923642 0.046092 0.044924
0 0.469447 0.321981 0.052886 0.047921
0 0.522470 0.352049 0.044798 0.057696
0 0.793449 0.416192 0.027763 0.032169
0 0.791062 0.439328 0.044105 0.055222
