0 0.109170 0.859478 0.035292 0.041073
0 0.021832 0.784280 0.025375 0.031450
0 0.066908 0.246891 0.014188 0.068522
0 0.395148 0.903720 0.019491 0.065585
0 0.575998 0.812861 0.059134 0.065460
0 0.509510 0.422499 0.038334 0.095516
0 0.771078 0.969827 0.043620 0.041765
0 0.757582 0.905819 0.046885 0.073592
0 0.762091 0.642653 0.039181 0.047893
0 0.896601 0.696079 0.092560 0.128855
0 0.931897 0.066742 0.048439 0.056608
0 0.649376 0.260109 0.024967 0.060974
0 0.486210 0.013125 0.037941 0.024726
0 0.463382 0.242333 0.017292 0.079085
0 0.706920 0.049116 0.031991 0.033968
0 0.655963 0.041972 0.042199 0.044614
0 0.776864 0.259353 0.053220 0.106410
0 0.674237 0.880449 0.014258 0.036140
0 0.913086 0.275944 0.026484 0.095516
