0 0.599988 0.551368 0.039189 0.033811
0 0.748723 0.526232 0.067094 0.037817
0 0.963544 0.538022 0.070419 0.060503
0 0.735364 0.144451 0.047500 0.044489
0 0.818192 0.147416 0.084906 0.040930
0 0.886177 0.133901 0.043937 0.039489
0 0.955825 0.107509 0.085856 0.057870
0 0.142798 0.099073 0.061750 0.045083
0 0.425127 0.237876 0.044533 0.040336
0 0.618691 0.332587 0.043342 0.034798
0 0.106875 0.808511 0.049281 0.034403
0 0.104204 0.879098 0.048686 0.033219
0 0.289455 0.816850 0.038000 0.056875
0 0.925959 0.963922 0.062938 0.039150
0 0.317065 0.588739 0.038592 0.017203
0 0.731505 0.220787 0.035031 0.017569
0 0.734770 0.183600 0.039188 0.017203
0 0.855897 0.354137 0.055813 0.020169
