0 0.090023 0.537210 0.014659 0.082961
0 0.121988 0.542523 0.013687 0.080619
0 0.059620 0.970083 0.020891 0.059833
0 0.091719 0.972186 0.018230 0.044472
0 0.355651 0.677369 0.101379 0.144963
0 0.397176 0.444098 0.045678 0.083443
0 0.262281 0.262241 0.051264 0.065699
0 0.264231 0.348461 0.036738 0.078214
0 0.823391 0.803422 0.058590 0.035246
0 0.749488 0.932923 0.102309 0.080796
0 0.954700 0.707981 0.043067 0.053461
0 0.952644 0.377338 0.035104 0.040290
0 0.867461 0.020073 0.041262 0.040146
0 0.935901 0.047458 0.042962 0.065525
0 0.967855 0.208603 0.015856 0.094943
0 0.386287 0.853076 0.060452 0.048841
0 0.351461 0.928182 0.020059 0.040743
0 0.333685 0.407572 0.042258 0.029603
