0 0.693117 0.656344 0.065557 0.060125
0 0.919584 0.269099 0.058926 0.025922
0 0.852771 0.280296 0.056214 0.027007
0 0.942461 0.300729 0.043349 0.022512
0 0.971964 0.595865 0.056073 0.026007
0 0.975622 0.623455 0.048756 0.029925
0 0.839696 0.697274 0.047593 0.040317
0 0.963711 0.859899 0.044508 0.044649
0 0.360178 0.764724 0.115009 0.069627
0 0.526302 0.846378 0.070721 0.017897
0 0.406070 0.859232 0.059330 0.034212
0 0.423774 0.901025 0.039687 0.033979
0 0.230144 0.843745 0.057799 0.064108
0 0.181480 0.933341 0.051537 0.070079
0 0.045594 0.790317 0.047508 0.029611
0 0.050357 0.820054 0.055978 0.027189
0 0.169927 0.594354 0.058929 0.031894
