0 0.422763 0.904310 0.082161 0.035086
0 0.437383 0.877077 0.079865 0.028799
0 0.630278 0.689412 0.153740 0.130339
0 0.418323 0.583208 0.089598 0.066460
0 0.209181 0.662562 0.070637 0.066561
0 0.288244 0.683611 0.082573 0.054364
0 0.880796 0.272976 0.045566 0.060650
0 0.969918 0.378575 0.060163 0.113158
0 0.825239 0.118841 0.058364 0.052026
0 0.506337 0.031156 0.047369 0.043743
0 0.124965 0.018330 0.075524 0.036661
0 0.807707 0.705892 0.060558 0.066938
0 0.870835 0.761442 0.041172 0.029243
0 0.365691 0.634148 0.039288 0.047111
