0 0.799032 0.241742 0.054505 0.051133
0 0.806367 0.299750 0.039642 0.068578
0 0.960190 0.231664 0.053470 0.069631
0 0.882350 0.164859 0.039280 0.060450
0 0.581554 0.168544 0.077373 0.097982
0 0.536333 0.530908 0.042541 0.076057
0 0.137557 0.119324 0.036373 0.118210
0 0.036441 0.352700 0.036197 0.109895
0 0.195124 0.599414 0.060238 0.064451
0 0.630723 0.774854 0.079703 0.051980
0 0.525087 0.658809 0.069694 0.039890
0 0.602738 0.621075 0.082448 0.057383
0 0.604423 0.490331 0.076961 0.057362
0 0.545350 0.371942 0.075833 0.065956
0 0.365250 0.040036 0.111263 0.052579
0 0.151137 0.687644 0.060072 0.038383
0 0.145787 0.610770 0.038127 0.077420
0 0.366438 0.747912 0.062389 0.039444
0 0.480636 0.139029 0.047258 0.057955
