0 0.950300 0.690046 0.082041 0.075617
0 0.270198 0.176824 0.041614 0.059148
0 0.313894 0.249753 0.076691 0.041575
0 0.118898 0.720923 0.074313 0.034056
0 0.081445 0.882867 0.117116 0.030884
0 0.673859 0.819500 0.040425 0.038834
0 0.841805 0.328151 0.069555 0.053452
0 0.232150 0.115956 0.047559 0.040722
0 0.459842 0.178307 0.076097 0.022923
0 0.418821 0.066071 0.048748 0.015767
0 0.093336 0.768241 0.061234 0.041573
0 0.633434 0.528300 0.053506 0.095025
0 0.624517 0.667331 0.083228 0.046216
0 0.825159 0.677130 0.050533 0.048000
0 0.967244 0.771400 0.050531 0.042384
0 0.964271 0.830041 0.050533 0.043886
