0 0.949534 0.121688 0.100932 0.106951
0 0.669252 0.264415 0.039463 0.081598
0 0.590325 0.206000 0.043322 0.085491
0 0.292967 0.369446 0.097688 0.076687
0 0.292960 0.016566 0.045237 0.033131
0 0.017123 0.569016 0.034246 0.065677
0 0.024399 0.417488 0.044159 0.057920
0 0.391660 0.593659 0.057738 0.076809
0 0.425446 0.744418 0.047389 0.052565
0 0.407936 0.858929 0.054257 0.049553
0 0.280365 0.642968 0.055082 0.057623
0 0.102424 0.719159 0.063242 0.055064
0 0.466048 0.460704 0.089675 0.088744
0 0.409674 0.506873 0.083300 0.092040
0 0.868008 0.705044 0.038557 0.042689
0 0.875299 0.617348 0.044931 0.046712
0 0.149187 0.436618 0.066903 0.057152
0 0.259359 0.914752 0.050724 0.054290
