0 0.022712 0.223195 0.045423 0.048088
0 0.161976 0.253286 0.064891 0.049776
0 0.166530 0.186233 0.050394 0.042584
0 0.083385 0.629892 0.037598 0.057111
0 0.049274 0.892501 0.025872 0.041122
0 0.351890 0.940854 0.039986 0.049599
0 0.419392 0.958395 0.039743 0.034524
0 0.402318 0.788697 0.048179 0.065178
0 0.540097 0.689190 0.060929 0.046100
0 0.338511 0.098496 0.049774 0.065856
0 0.362581 0.241872 0.047508 0.066032
0 0.404782 0.126576 0.045768 0.064309
0 0.525905 0.109486 0.038314 0.045345
0 0.625210 0.180201 0.055112 0.047052
0 0.976967 0.755840 0.046066 0.056663
0 0.800809 0.682762 0.042729 0.041496
0 0.729345 0.870813 0.041029 0.048114
0 0.669028 0.847224 0.041419 0.037954
0 0.065851 0.235042 0.019936 0.040793
0 0.977999 0.434227 0.037102 0.045511
0 0.762525 0.077598 0.048930 0.058207
0 0.749201 0.057207 0.043641 0.056401
