0 0.906764 0.563078 0.032651 0.082615
0 0.879096 0.549481 0.026181 0.080119
0 0.684520 0.363200 0.127232 0.153289
0 0.586049 0.578719 0.064114 0.089113
0 0.672776 0.785003 0.064910 0.069620
0 0.690838 0.705169 0.052035 0.082051
0 0.259799 0.127365 0.060650 0.044455
0 0.361839 0.032132 0.112270 0.064264
0 0.107892 0.188210 0.051115 0.057994
0 0.031178 0.509969 0.042807 0.046676
0 0.026004 0.891811 0.045996 0.074746
0 0.695106 0.185227 0.066404 0.059334
0 0.748270 0.120342 0.028206 0.041232
0 0.638797 0.629583 0.046699 0.038230
