0 0.531996 0.152685 0.169261 0.170128
0 0.888802 0.161509 0.092476 0.095010
0 0.986693 0.302321 0.026613 0.049076
0 0.929890 0.588915 0.077156 0.076193
0 0.718466 0.537656 0.079622 0.079896
0 0.729129 0.657187 0.050834 0.057764
0 0.832995 0.873362 0.052939 0.056520
0 0.982071 0.513005 0.035857 0.066540
0 0.440182 0.040596 0.074186 0.068432
0 0.261302 0.106926 0.162914 0.168800
0 0.189382 0.163284 0.052374 0.058120
0 0.451192 0.389005 0.066124 0.061930
0 0.507533 0.474868 0.068064 0.064243
0 0.317453 0.313877 0.076249 0.073732
0 0.075643 0.222556 0.062582 0.075978
0 0.050051 0.368017 0.070085 0.103085
0 0.086627 0.587900 0.080044 0.081513
0 0.292053 0.427154 0.072280 0.075295
0 0.103840 0.714536 0.072381 0.067615
0 0.257939 0.768801 0.064795 0.074564
0 0.434460 0.768285 0.068764 0.065572
0 0.517487 0.700633 0.097210 0.104930
0 0.502209 0.640882 0.050626 0.053118
0 0.428533 0.564447 0.086385 0.084859
0 0.356284 0.548542 0.044563 0.050753
0 0.030037 0.626938 0.060074 0.070367
0 0.008688 0.591182 0.017376 0.045444
0 0.731996 0.967244 0.051761 0.050454
0 0.468585 0.274235 0.051904 0.051369
0 0.369878 0.351329 0.079173 0.094353
0 0.135338 0.260239 0.047731 0.051092
