0 0.515987 0.393027 0.057195 0.111002
0 0.468358 0.255282 0.088600 0.080310
0 0.529233 0.146496 0.086470 0.125540
0 0.644205 0.347172 0.056471 0.092307
0 0.567059 0.370260 0.053019 0.091151
0 0.832786 0.212472 0.096386 0.080434
0 0.876675 0.053409 0.060269 0.106818
0 0.954720 0.062497 0.050631 0.099796
0 0.890306 0.536098 0.016767 0.091856
0 0.855272 0.574106 0.017771 0.053675
0 0.402763 0.073702 0.062289 0.069519
0 0.062568 0.523192 0.043118 0.076175
0 0.168658 0.706811 0.022851 0.040475
0 0.079868 0.958502 0.023073 0.022504
0 0.097083 0.929297 0.030554 0.022817
0 0.113144 0.898579 0.026189 0.022540
0 0.127663 0.866744 0.035452 0.042309
0 0.215990 0.842777 0.029713 0.021724
0 0.216344 0.870835 0.026814 0.024536
0 0.249689 0.860646 0.023290 0.023681
0 0.260112 0.895500 0.023821 0.022228
0 0.280723 0.879246 0.024945 0.023852
0 0.299001 0.913884 0.024474 0.022836
0 0.313751 0.897462 0.022728 0.019759
0 0.328771 0.933630 0.025223 0.026240
0 0.348977 0.917058 0.023229 0.023912
0 0.368723 0.942135 0.023447 0.021380
0 0.379186 0.919607 0.027966 0.024937
