0 0.669942 0.671218 0.066187 0.057166
0 0.617694 0.987822 0.048105 0.024355
0 0.478430 0.955061 0.100357 0.080867
0 0.324338 0.923494 0.099525 0.084189
0 0.203955 0.800154 0.105578 0.084129
0 0.900572 0.438229 0.059376 0.060687
0 0.978975 0.348919 0.042050 0.049006
0 0.981583 0.166475 0.036834 0.053952
0 0.806853 0.295335 0.053826 0.050496
0 0.873311 0.119876 0.058894 0.037806
0 0.767443 0.159436 0.048536 0.050807
0 0.412183 0.370079 0.116785 0.093877
0 0.287274 0.310878 0.089836 0.081488
0 0.248002 0.119326 0.068016 0.070710
0 0.146133 0.216934 0.083101 0.064782
0 0.140407 0.064665 0.060461 0.069909
0 0.025480 0.566047 0.050959 0.075317
0 0.196136 0.606836 0.070809 0.089911
0 0.141777 0.582046 0.060893 0.071753
0 0.106097 0.634181 0.040755 0.050138
0 0.089434 0.710945 0.073324 0.071930
0 0.374061 0.514344 0.055990 0.038299
0 0.619386 0.166018 0.028388 0.042484
