0 0.855913 0.089259 0.043830 0.053472
0 0.815495 0.105740 0.051866 0.045054
0 0.843402 0.331653 0.041526 0.045379
0 0.822450 0.378629 0.045472 0.054084
0 0.300672 0.605660 0.082766 0.095443
0 0.252673 0.769449 0.057627 0.078813
0 0.726317 0.403144 0.027517 0.041058
0 0.747267 0.414050 0.028457 0.033015
0 0.678502 0.482122 0.026619 0.039934
0 0.703331 0.493022 0.028429 0.037612
0 0.728192 0.505128 0.027834 0.035869
0 0.752268 0.514707 0.030777 0.035622
0 0.779441 0.526100 0.031893 0.036610
0 0.799659 0.537458 0.030382 0.031645
