0 0.900329 0.701035 0.038042 0.089481
0 0.863794 0.733155 0.054016 0.173778
0 0.823283 0.801260 0.054273 0.179994
0 0.880603 0.573204 0.035657 0.079203
0 0.855068 0.558842 0.031453 0.079741
0 0.825826 0.543543 0.026792 0.062950
0 0.804624 0.523698 0.020320 0.051448
0 0.780277 0.504322 0.025781 0.039754
0 0.745992 0.462830 0.028762 0.088846
0 0.723068 0.449197 0.032728 0.095968
0 0.688990 0.480036 0.019174 0.034892
0 0.731892 0.573390 0.032931 0.108392
0 0.707938 0.572989 0.033045 0.102085
0 0.684170 0.551870 0.028459 0.074754
0 0.780100 0.645201 0.020952 0.040621
0 0.749953 0.699596 0.030291 0.062688
0 0.721884 0.701336 0.022700 0.045512
0 0.664018 0.670627 0.020734 0.041406
0 0.636237 0.660501 0.023268 0.042120
0 0.613679 0.637942 0.019893 0.037891
0 0.582986 0.641032 0.013883 0.029143
