0 0.077336 0.404172 0.041266 0.054641
0 0.240025 0.067422 0.045422 0.046325
0 0.353580 0.287171 0.036811 0.036823
0 0.392323 0.142552 0.068578 0.035039
0 0.932491 0.281231 0.046312 0.054641
0 0.812106 0.347403 0.067984 0.042269
0 0.531409 0.228035 0.046906 0.046839
0 0.580098 0.431871 0.042158 0.022139
0 0.521316 0.434838 0.064720 0.044705
0 0.458526 0.365270 0.047798 0.037416
0 0.208259 0.031627 0.082234 0.021061
0 0.204400 0.368834 0.041859 0.021975
0 0.207962 0.389027 0.038297 0.023163
0 0.208705 0.309442 0.045125 0.023163
0 0.212266 0.339138 0.035627 0.023161
