0 0.855298 0.926279 0.071434 0.072547
0 0.408121 0.933603 0.058595 0.060777
0 0.840036 0.763764 0.065841 0.064599
0 0.898195 0.686974 0.050529 0.052198
0 0.987826 0.277781 0.024348 0.050804
0 0.929026 0.053940 0.048412 0.013468
0 0.801166 0.066889 0.063637 0.071773
0 0.240340 0.010176 0.040257 0.020352
0 0.514132 0.114964 0.043278 0.043404
0 0.443348 0.115282 0.033114 0.035814
0 0.369338 0.766301 0.058825 0.065221
0 0.508986 0.948977 0.043014 0.041584
0 0.157713 0.579438 0.042191 0.043179
0 0.083776 0.577549 0.052892 0.046794
0 0.064319 0.271214 0.038288 0.031621
