0 0.915397 0.397133 0.041177 0.045214
0 0.753230 0.233504 0.049306 0.048148
0 0.684022 0.263448 0.070534 0.047877
0 0.783679 0.027648 0.060484 0.034520
0 0.362922 0.015991 0.055571 0.031982
0 0.087653 0.228988 0.043475 0.043797
0 0.190832 0.277457 0.038418 0.042181
0 0.143477 0.494122 0.063466 0.046862
0 0.158882 0.653094 0.072854 0.070744
0 0.022311 0.861975 0.044622 0.061216
0 0.457336 0.693240 0.044497 0.047155
0 0.535861 0.665254 0.066682 0.054499
0 0.680204 0.633152 0.043490 0.034902
0 0.757838 0.578055 0.035672 0.047748
0 0.827917 0.506565 0.047604 0.041971
0 0.351165 0.375106 0.037785 0.044083
0 0.671226 0.487979 0.038975 0.031776
