0 0.579750 0.359163 0.086662 0.043329
0 0.404339 0.368665 0.084446 0.033347
0 0.404375 0.417146 0.115677 0.033691
0 0.371599 0.455053 0.119203 0.036859
0 0.584572 0.402805 0.142859 0.043806
0 0.579050 0.442743 0.066445 0.040575
0 0.552557 0.502211 0.081706 0.032088
0 0.567653 0.540346 0.063557 0.030210
0 0.373658 0.562500 0.121268 0.032781
0 0.366687 0.605418 0.207465 0.038486
0 0.204355 0.607660 0.065248 0.030277
0 0.184098 0.645253 0.064769 0.032689
0 0.556173 0.650594 0.047283 0.040776
0 0.569855 0.690328 0.088695 0.045795
0 0.375360 0.641206 0.252602 0.036348
0 0.450188 0.678159 0.105763 0.032613
0 0.562094 0.754714 0.046833 0.035394
0 0.434525 0.746800 0.047449 0.034188
0 0.305155 0.742459 0.064512 0.032819
0 0.191299 0.737873 0.068307 0.033338
0 0.446720 0.782785 0.082866 0.031709
0 0.541949 0.789259 0.079850 0.036103
0 0.274853 0.778501 0.029594 0.033619
