0 0.710634 0.733669 0.097913 0.086667
0 0.703168 0.627903 0.073804 0.062498
0 0.456060 0.595434 0.102217 0.040178
0 0.444723 0.736361 0.095749 0.036990
0 0.292137 0.858749 0.059896 0.092149
0 0.286051 0.764186 0.065914 0.055111
0 0.514360 0.912629 0.033967 0.035035
0 0.802909 0.916801 0.062601 0.041504
0 0.864630 0.841816 0.054897 0.067404
0 0.743538 0.867912 0.041796 0.040023
0 0.725853 0.346354 0.075305 0.050615
0 0.466677 0.507371 0.065015 0.066351
0 0.158395 0.608187 0.062802 0.040055
0 0.139520 0.482492 0.075602 0.037929
0 0.282506 0.026455 0.047097 0.020290
0 0.409292 0.104636 0.048903 0.037981
0 0.412250 0.018724 0.049050 0.027702
0 0.966772 0.264709 0.034528 0.061981
0 0.364074 0.377320 0.067442 0.016670
0 0.360243 0.352069 0.067367 0.014899
0 0.622530 0.349981 0.077339 0.042537
0 0.419703 0.351332 0.039858 0.055355
0 0.514338 0.354744 0.068613 0.016601
0 0.614664 0.476387 0.046301 0.062568
0 0.990774 0.580624 0.018452 0.035464
0 0.015621 0.550702 0.028643 0.064047
0 0.039553 0.775605 0.036340 0.047333
