0 0.270752 0.247663 0.061156 0.034998
0 0.183470 0.045231 0.052845 0.025825
0 0.264517 0.295370 0.049875 0.036864
0 0.276392 0.373809 0.053437 0.056755
0 0.166548 0.420870 0.038002 0.036184
0 0.191486 0.276689 0.045125 0.045756
0 0.736552 0.153349 0.042750 0.037370
0 0.892709 0.165927 0.040375 0.035939
0 0.829177 0.157920 0.034439 0.037716
0 0.266595 0.655175 0.078969 0.034997
0 0.242548 0.696598 0.045125 0.035194
0 0.348830 0.713652 0.042752 0.053287
0 0.311721 0.780523 0.078970 0.071397
0 0.150517 0.835086 0.058187 0.038197
0 0.127062 0.682757 0.059969 0.054573
0 0.028204 0.623945 0.034439 0.035767
0 0.065016 0.625812 0.029689 0.033217
0 0.111923 0.549293 0.041564 0.042708
0 0.051062 0.543432 0.036219 0.036636
0 0.298064 0.855964 0.039781 0.055759
0 0.039188 0.827195 0.078375 0.024320
0 0.304298 0.975704 0.092625 0.046102
0 0.718442 0.838498 0.096781 0.050358
0 0.738036 0.959784 0.045719 0.036748
0 0.583957 0.699959 0.039189 0.047453
0 0.981653 0.948516 0.034200 0.039119
0 0.692911 0.880755 0.059969 0.058373
0 0.731208 0.347414 0.041563 0.039547
0 0.840755 0.412566 0.057595 0.029064
0 0.989669 0.547730 0.018169 0.018545
0 0.986997 0.581917 0.023513 0.015422
0 0.588113 0.551962 0.039187 0.036183
0 0.618394 0.331994 0.062938 0.040731
0 0.611270 0.263976 0.054627 0.041523
