0 0.170865 0.094797 0.058291 0.058445
0 0.227531 0.116031 0.045743 0.041744
0 0.270059 0.166239 0.054489 0.067458
0 0.679788 0.037824 0.078666 0.069684
0 0.790186 0.218658 0.092675 0.083434
0 0.937175 0.302930 0.051170 0.050440
0 0.607437 0.735570 0.087937 0.053658
0 0.587052 0.766214 0.070845 0.045986
0 0.567292 0.793534 0.040921 0.025856
0 0.480861 0.656250 0.054575 0.036385
0 0.124022 0.893007 0.078790 0.052120
0 0.188231 0.699202 0.058886 0.034340
0 0.353006 0.852701 0.057123 0.062850
0 0.429530 0.893161 0.043918 0.039547
0 0.435406 0.741776 0.029788 0.021363
0 0.443653 0.719111 0.033100 0.019437
