0 0.395637 0.733876 0.047037 0.115277
0 0.465252 0.407467 0.078945 0.050266
0 0.406510 0.319075 0.075853 0.048144
0 0.837958 0.570761 0.058187 0.036884
0 0.124403 0.586776 0.046892 0.080962
0 0.154015 0.768316 0.062628 0.076872
0 0.366824 0.730444 0.023620 0.055234
0 0.421302 0.893968 0.033547 0.031586
0 0.816274 0.930075 0.018704 0.038365
0 0.837629 0.921679 0.016183 0.037432
0 0.728312 0.859545 0.041491 0.032363
0 0.674172 0.887810 0.022320 0.084197
0 0.697769 0.872170 0.021876 0.060976
0 0.234124 0.740857 0.043127 0.143433
0 0.203888 0.440272 0.019942 0.044777
0 0.247250 0.442677 0.019861 0.046582
