0 0.215769 0.764262 0.073174 0.060749
0 0.535371 0.987524 0.049303 0.024953
0 0.427552 0.765997 0.065646 0.059008
0 0.685575 0.968690 0.058479 0.062620
0 0.822686 0.923254 0.055005 0.049802
0 0.922649 0.699109 0.053199 0.068744
0 0.901428 0.600060 0.040047 0.046254
0 0.941382 0.436502 0.055006 0.045123
0 0.753387 0.343124 0.078350 0.058024
0 0.797608 0.427327 0.067470 0.053155
0 0.336055 0.295245 0.072264 0.062553
0 0.927345 0.547525 0.050057 0.042444
0 0.818302 0.590548 0.073757 0.041217
0 0.781475 0.581230 0.042179 0.042558
