0 0.706524 0.737309 0.099410 0.084945
0 0.700905 0.631429 0.074884 0.061201
0 0.454411 0.594620 0.101726 0.038579
0 0.440630 0.735624 0.096334 0.035839
0 0.286682 0.855556 0.059947 0.092068
0 0.281930 0.760426 0.065953 0.053980
0 0.507165 0.912594 0.033368 0.035176
0 0.795596 0.922565 0.063301 0.041488
0 0.858609 0.848317 0.056065 0.066812
0 0.737080 0.872242 0.042488 0.039559
0 0.728068 0.350445 0.075312 0.049581
0 0.465999 0.506774 0.065055 0.065235
0 0.156612 0.602745 0.063384 0.040027
0 0.139921 0.476217 0.075134 0.036660
0 0.290803 0.022731 0.047444 0.019465
0 0.416177 0.103087 0.049365 0.038714
0 0.420684 0.017674 0.049483 0.027657
0 0.970292 0.272893 0.034472 0.062571
0 0.366271 0.374381 0.067258 0.016672
0 0.362860 0.349651 0.067175 0.013827
0 0.625129 0.352143 0.078069 0.041181
0 0.422310 0.349953 0.040818 0.054651
0 0.516778 0.354953 0.068707 0.015527
0 0.615059 0.478392 0.045202 0.063367
0 0.990182 0.589207 0.019636 0.035245
0 0.015336 0.542287 0.028703 0.063630
0 0.035151 0.767246 0.036184 0.047398
