0 0.684467 0.029138 0.051734 0.042258
0 0.302837 0.951733 0.064011 0.075281
0 0.561173 0.780190 0.049700 0.047084
0 0.484499 0.745353 0.041478 0.045153
0 0.618528 0.801894 0.047354 0.051017
0 0.840627 0.303693 0.050628 0.076272
0 0.102440 0.036585 0.054195 0.071194
0 0.130809 0.116638 0.061326 0.066747
0 0.571761 0.020383 0.027167 0.034622
0 0.602397 0.024807 0.025039 0.040613
0 0.629696 0.028121 0.017923 0.043081
0 0.557032 0.283781 0.061310 0.062010
0 0.092525 0.155072 0.046256 0.060486
0 0.434671 0.521300 0.043535 0.041530
0 0.441621 0.642117 0.130367 0.141103
0 0.623150 0.652912 0.048916 0.052334
0 0.458015 0.019966 0.042700 0.030105
