0 0.905052 0.322687 0.083420 0.065941
0 0.883115 0.223709 0.045102 0.067740
0 0.816243 0.081151 0.057784 0.067923
0 0.760701 0.054991 0.037105 0.032244
0 0.465699 0.206715 0.079255 0.048375
0 0.392943 0.484424 0.043151 0.050124
0 0.444491 0.542084 0.040653 0.034630
0 0.558221 0.564304 0.022407 0.058996
0 0.270545 0.751108 0.039169 0.043713
0 0.362238 0.883308 0.029523 0.055355
0 0.177954 0.796329 0.019380 0.079721
0 0.787151 0.526093 0.039727 0.064598
0 0.800781 0.587380 0.057259 0.059595
0 0.732619 0.938254 0.049758 0.088381
0 0.915634 0.423106 0.085912 0.044878
0 0.087030 0.065996 0.029046 0.038760
0 0.570530 0.964299 0.042502 0.071402
0 0.089417 0.548857 0.015288 0.041462
0 0.064092 0.550832 0.020031 0.050205
