0 0.020973 0.564842 0.041945 0.068673
0 0.240265 0.401118 0.077353 0.044037
0 0.462271 0.687756 0.064442 0.072203
0 0.497827 0.458171 0.043489 0.047612
0 0.568871 0.522502 0.044777 0.064590
0 0.479328 0.247978 0.038757 0.042663
0 0.681301 0.655268 0.038838 0.043168
0 0.807899 0.545272 0.050778 0.062464
0 0.729190 0.555295 0.066432 0.053408
0 0.590143 0.747384 0.022594 0.036964
0 0.554323 0.644790 0.035676 0.074264
0 0.773439 0.885497 0.066900 0.059062
0 0.730502 0.775768 0.063888 0.047250
0 0.894638 0.417893 0.025812 0.057692
0 0.914937 0.414256 0.030743 0.059300
0 0.867895 0.125738 0.049451 0.082898
0 0.906012 0.106288 0.051733 0.069707
0 0.863881 0.062259 0.031489 0.056480
0 0.890232 0.055565 0.037501 0.057331
0 0.598921 0.035572 0.059165 0.044488
0 0.931883 0.839477 0.020455 0.033219
