0 0.018209 0.356767 0.036419 0.081718
0 0.658292 0.103282 0.068601 0.051341
0 0.842342 0.148076 0.069417 0.061648
0 0.511483 0.101431 0.040673 0.089794
0 0.666701 0.483920 0.033048 0.125055
0 0.640199 0.479623 0.030837 0.140433
0 0.574900 0.459191 0.042371 0.084584
0 0.607877 0.454357 0.022400 0.080121
0 0.612191 0.533869 0.018366 0.047563
0 0.308269 0.491363 0.022334 0.075642
0 0.337198 0.480203 0.019101 0.052742
0 0.393873 0.473335 0.019855 0.063397
0 0.367904 0.480757 0.024142 0.059346
0 0.819314 0.342263 0.061103 0.075507
