0 0.465567 0.979028 0.090383 0.041944
0 0.267176 0.830120 0.040075 0.042923
0 0.133199 0.729236 0.057516 0.069019
0 0.940738 0.079653 0.047383 0.037142
0 0.598445 0.272503 0.033485 0.040662
0 0.561769 0.269395 0.036311 0.041646
0 0.434971 0.164467 0.042845 0.027214
0 0.427925 0.193688 0.039449 0.029576
0 0.414573 0.054731 0.041671 0.031474
0 0.395377 0.079080 0.053114 0.032902
0 0.112517 0.188641 0.036039 0.021634
0 0.107565 0.208483 0.037692 0.021978
0 0.095827 0.520260 0.043738 0.039892
0 0.172359 0.623626 0.059939 0.039160
0 0.109958 0.582908 0.025007 0.015396
