0 0.143494 0.094949 0.092484 0.102214
0 0.073831 0.303159 0.057020 0.066230
0 0.378997 0.507206 0.045264 0.042810
0 0.340173 0.429121 0.052667 0.056083
0 0.602830 0.321080 0.062745 0.056777
0 0.619927 0.234819 0.059058 0.065171
0 0.604925 0.732772 0.047900 0.045740
0 0.758718 0.877643 0.044152 0.048399
0 0.166275 0.973326 0.052334 0.053348
0 0.958283 0.600104 0.062129 0.062742
0 0.892950 0.602791 0.046205 0.048680
0 0.834861 0.691330 0.052171 0.053611
0 0.567564 0.129515 0.061650 0.061701
0 0.085993 0.592144 0.043476 0.046586
0 0.663892 0.423465 0.052998 0.044550
0 0.648812 0.483051 0.056587 0.044978
0 0.656672 0.761985 0.033116 0.032017
0 0.633590 0.765179 0.049917 0.053052
