0 0.846043 0.547275 0.189382 0.143682
0 0.918006 0.196700 0.101623 0.084489
0 0.805704 0.057996 0.050907 0.051704
0 0.510733 0.061357 0.080563 0.072906
0 0.512556 0.278614 0.078487 0.078886
0 0.398270 0.241056 0.056634 0.051277
0 0.211011 0.091191 0.056863 0.052944
0 0.598347 0.024448 0.066929 0.043330
0 0.934740 0.661568 0.065185 0.073963
0 0.828224 0.819704 0.169326 0.155522
0 0.758382 0.878230 0.057269 0.051961
0 0.944715 0.990521 0.045595 0.018959
0 0.970648 0.759029 0.043807 0.079092
0 0.597018 0.573312 0.064274 0.061333
0 0.525573 0.498570 0.065949 0.063240
0 0.640677 0.719133 0.077513 0.071370
0 0.673499 0.973534 0.078852 0.052932
0 0.523876 0.965942 0.095237 0.068115
0 0.320848 0.883245 0.079590 0.080404
0 0.524196 0.718731 0.071627 0.073588
0 0.201911 0.837759 0.073732 0.071377
0 0.183661 0.674681 0.073513 0.067872
0 0.223992 0.503197 0.069206 0.066607
0 0.308568 0.436833 0.107508 0.092710
0 0.362740 0.465858 0.052584 0.050181
0 0.420508 0.554132 0.076880 0.091894
0 0.420049 0.629731 0.048816 0.043601
0 0.269889 0.934924 0.074631 0.066978
0 0.280929 0.970147 0.087216 0.043952
0 0.097283 0.168369 0.055173 0.045079
0 0.711826 0.581388 0.050804 0.051347
0 0.616027 0.659839 0.091939 0.079926
0 0.651516 0.908556 0.048754 0.047914
