0 0.234553 0.218198 0.065418 0.084231
0 0.400379 0.466608 0.067494 0.064081
0 0.332355 0.610599 0.047389 0.073823
0 0.299054 0.587228 0.037658 0.055594
0 0.277100 0.567369 0.017629 0.023924
0 0.815971 0.696418 0.052431 0.066889
0 0.879850 0.651134 0.041339 0.058077
0 0.886266 0.865076 0.045279 0.045361
0 0.823087 0.892070 0.055094 0.048774
0 0.761156 0.991219 0.035042 0.017562
0 0.686508 0.852744 0.035519 0.060799
0 0.130384 0.335279 0.042897 0.057104
0 0.033939 0.457476 0.032273 0.051286
0 0.021861 0.636229 0.043723 0.066645
0 0.290149 0.779595 0.058575 0.065277
0 0.519555 0.772015 0.041068 0.082359
0 0.270389 0.424601 0.065444 0.065022
0 0.276888 0.968854 0.034239 0.048514
