0 0.126179 0.466237 0.090815 0.088667
0 0.331206 0.925982 0.081147 0.080558
0 0.631724 0.980389 0.062670 0.039223
0 0.766575 0.930024 0.057114 0.058985
0 0.590541 0.440288 0.151113 0.075093
0 0.565149 0.384796 0.066616 0.057904
0 0.572288 0.327622 0.067563 0.047559
0 0.922817 0.486605 0.079149 0.091169
0 0.986072 0.441734 0.027856 0.078772
0 0.417666 0.277663 0.101954 0.063405
0 0.478514 0.388140 0.038248 0.036593
0 0.390414 0.372481 0.023378 0.036078
0 0.366859 0.318828 0.034577 0.033031
0 0.496162 0.354139 0.023827 0.022453
0 0.492123 0.325695 0.039194 0.031617
0 0.415869 0.314560 0.041470 0.031035
