0 0.408452 0.943656 0.048413 0.081238
0 0.512321 0.835221 0.043791 0.077415
0 0.069635 0.407725 0.039822 0.042637
0 0.162753 0.231366 0.031079 0.058176
0 0.022559 0.185196 0.040158 0.044813
0 0.452867 0.413104 0.035467 0.027502
0 0.449492 0.386626 0.038962 0.028247
0 0.052668 0.066085 0.026591 0.042433
0 0.023972 0.059058 0.017697 0.021921
0 0.003970 0.062978 0.007939 0.018181
0 0.063015 0.545154 0.029006 0.026851
0 0.096026 0.533954 0.026260 0.025390
0 0.205886 0.483160 0.022562 0.034148
0 0.439687 0.346843 0.038177 0.038937
