0 0.233345 0.072083 0.081344 0.087197
0 0.389503 0.295710 0.056406 0.031439
0 0.314986 0.665852 0.086688 0.127531
0 0.377479 0.651616 0.074517 0.120416
0 0.527550 0.829272 0.085500 0.064063
0 0.383565 0.855700 0.080158 0.091878
0 0.284259 0.406338 0.041266 0.020167
0 0.564808 0.516151 0.043047 0.053236
0 0.775145 0.479298 0.052250 0.060505
0 0.592863 0.452605 0.077189 0.029658
0 0.740114 0.425616 0.077188 0.025506
0 0.726755 0.454088 0.036219 0.018389
0 0.609637 0.475146 0.040080 0.027286
0 0.905030 0.246180 0.060859 0.032031
0 0.899834 0.278805 0.038000 0.023727
0 0.917944 0.294524 0.020781 0.019573
0 0.948819 0.379645 0.051656 0.053386
0 0.134188 0.846177 0.056408 0.048047
