0 0.752028 0.689467 0.086713 0.105094
0 0.644134 0.691248 0.060978 0.078970
0 0.590691 0.447958 0.036050 0.099453
0 0.731241 0.424356 0.041575 0.098562
0 0.840818 0.262558 0.093245 0.065906
0 0.744306 0.264636 0.054641 0.068875
0 0.911791 0.478387 0.036822 0.030875
0 0.944320 0.765467 0.041298 0.065906
0 0.873483 0.833452 0.068300 0.060563
0 0.888034 0.710545 0.041575 0.045125
0 0.367854 0.737858 0.052442 0.078375
0 0.504880 0.465324 0.065172 0.068877
0 0.580090 0.150339 0.040980 0.065906
0 0.449725 0.143213 0.034447 0.075408
0 0.010489 0.324605 0.018484 0.048686
0 0.098105 0.443949 0.041528 0.051064
0 0.014943 0.454638 0.027392 0.051063
0 0.306295 0.982930 0.064738 0.034141
0 0.363253 0.374926 0.017109 0.067389
0 0.339649 0.373738 0.016227 0.066205
0 0.361231 0.635138 0.035634 0.080752
0 0.344899 0.432966 0.051670 0.044531
0 0.354105 0.526481 0.015441 0.068875
0 0.486470 0.616286 0.066366 0.040672
0 0.622851 0.986344 0.035042 0.024344
0 0.508523 0.015675 0.061767 0.028856
0 0.733023 0.019237 0.047514 0.035981
