0 0.307169 0.970137 0.068754 0.059725
0 0.304780 0.894908 0.067940 0.063096
0 0.321148 0.765051 0.044763 0.042988
0 0.362214 0.579051 0.063378 0.059944
0 0.955697 0.810841 0.064283 0.061222
0 0.803154 0.669959 0.059201 0.045100
0 0.764562 0.377613 0.078711 0.058449
0 0.628453 0.479593 0.073840 0.023064
0 0.733209 0.209197 0.041813 0.040435
0 0.668114 0.308815 0.040371 0.017368
0 0.639388 0.390223 0.035989 0.016150
0 0.687873 0.888161 0.114705 0.109802
0 0.224422 0.376935 0.065877 0.053773
0 0.267187 0.403608 0.067110 0.054981
0 0.073978 0.407909 0.064994 0.055562
0 0.202772 0.228696 0.061250 0.049851
0 0.053457 0.074018 0.080929 0.029343
0 0.029521 0.627476 0.034354 0.069160
0 0.444395 0.905529 0.035646 0.027214
0 0.431391 0.880787 0.039729 0.028050
