0 0.844121 0.091649 0.044286 0.043054
0 0.756714 0.321592 0.041048 0.041977
0 0.437858 0.383046 0.052039 0.057730
0 0.023941 0.288207 0.047882 0.058006
0 0.189805 0.447339 0.070949 0.067888
0 0.445897 0.547235 0.053362 0.072608
0 0.612218 0.617599 0.055127 0.059529
0 0.612817 0.537207 0.063719 0.035032
0 0.670385 0.852045 0.060269 0.020806
0 0.683170 0.873130 0.033918 0.022669
0 0.541092 0.915942 0.030045 0.033048
0 0.493824 0.947505 0.045232 0.021890
0 0.501817 0.967011 0.032536 0.018392
0 0.380343 0.918303 0.025255 0.021393
0 0.390526 0.894015 0.064194 0.032570
