0 0.160016 0.251832 0.074814 0.150261
0 0.216423 0.187986 0.039187 0.055828
0 0.927443 0.189592 0.070658 0.049056
0 0.976903 0.233421 0.043700 0.058798
0 0.711614 0.518277 0.041562 0.022422
0 0.709238 0.538467 0.038002 0.023616
0 0.707903 0.560736 0.040672 0.021841
0 0.305783 0.536318 0.039781 0.014848
0 0.316173 0.563409 0.035625 0.020058
0 0.323003 0.594287 0.037406 0.017692
0 0.331908 0.623920 0.040969 0.021381
0 0.488066 0.696081 0.080156 0.067113
0 0.094704 0.446934 0.119939 0.016630
0 0.184213 0.384367 0.037109 0.021791
0 0.171892 0.408033 0.027313 0.021975
0 0.086688 0.472473 0.087283 0.016630
0 0.128845 0.587459 0.103906 0.028973
0 0.184063 0.536615 0.023158 0.019005
0 0.129142 0.627245 0.072437 0.026609
0 0.205736 0.627188 0.051062 0.012472
0 0.130923 0.663470 0.038000 0.017117
0 0.221767 0.467503 0.034437 0.017063
0 0.290939 0.468017 0.044531 0.055234
0 0.220283 0.533124 0.036219 0.052117
0 0.104352 0.330823 0.051955 0.048108
0 0.093963 0.231045 0.059672 0.031478
0 0.927740 0.347253 0.051064 0.040191
0 0.976903 0.352798 0.043700 0.043356
