0 0.834648 0.771069 0.060766 0.045570
0 0.626094 0.942185 0.060432 0.062393
0 0.661944 0.690591 0.042388 0.072544
0 0.911229 0.015922 0.036717 0.031844
0 0.556411 0.454357 0.043172 0.082085
0 0.132341 0.562747 0.061258 0.058069
0 0.272708 0.958116 0.069980 0.083768
0 0.448598 0.728369 0.068190 0.064683
0 0.381675 0.456592 0.075984 0.057391
0 0.447742 0.289330 0.088185 0.064291
0 0.035914 0.284080 0.058673 0.054006
0 0.858856 0.206455 0.071244 0.052520
0 0.671686 0.091816 0.058497 0.057950
0 0.694748 0.950117 0.039681 0.049818
