0 0.479753 0.149679 0.099156 0.086117
0 0.380002 0.213346 0.112220 0.057377
0 0.333096 0.353488 0.078970 0.038411
0 0.219689 0.111206 0.080156 0.063284
0 0.062938 0.083457 0.073031 0.041573
0 0.049430 0.038162 0.027609 0.031200
0 0.092922 0.322759 0.072437 0.053545
0 0.199205 0.415456 0.068875 0.053453
0 0.186439 0.533123 0.043344 0.037866
0 0.087578 0.495931 0.058187 0.040981
0 0.327455 0.672622 0.054627 0.034447
0 0.729723 0.280044 0.067094 0.038009
0 0.921209 0.368834 0.035625 0.026725
0 0.968294 0.614418 0.060919 0.041573
0 0.434628 0.774477 0.042156 0.016036
0 0.436706 0.744082 0.043937 0.016248
0 0.057891 0.826742 0.040375 0.021975
0 0.830810 0.614418 0.037705 0.036823
0 0.991450 0.272620 0.014606 0.033853
