0 0.073706 0.220900 0.100404 0.069960
0 0.028840 0.565408 0.055076 0.085549
0 0.211630 0.564128 0.082679 0.062900
0 0.364087 0.106789 0.048131 0.053631
0 0.238826 0.972079 0.063595 0.055842
0 0.401453 0.928316 0.052944 0.071785
0 0.387290 0.677930 0.039173 0.046378
0 0.735040 0.369325 0.094191 0.118006
0 0.688475 0.124302 0.055626 0.089799
0 0.877462 0.056876 0.060486 0.074148
0 0.589132 0.104053 0.071294 0.041944
0 0.922212 0.438102 0.094884 0.040754
0 0.587567 0.419813 0.066147 0.120118
0 0.052151 0.951118 0.031939 0.048976
0 0.513350 0.689628 0.041224 0.047716
