0 0.904684 0.843836 0.084531 0.091622
0 0.986496 0.835125 0.027008 0.038697
0 0.828959 0.326544 0.067986 0.074442
0 0.587510 0.825437 0.082705 0.069807
0 0.599867 0.668630 0.078268 0.069472
0 0.337839 0.681954 0.050133 0.053608
0 0.186870 0.275029 0.093118 0.088629
0 0.516292 0.025149 0.077034 0.050297
0 0.730017 0.115733 0.061753 0.054233
0 0.747135 0.187385 0.029049 0.060190
0 0.165369 0.154385 0.056419 0.076138
0 0.051176 0.137874 0.061532 0.069988
0 0.296781 0.047627 0.063695 0.064672
0 0.432387 0.826852 0.046806 0.045689
0 0.476722 0.895098 0.065888 0.060783
0 0.442583 0.985249 0.058291 0.029502
0 0.519710 0.874435 0.045069 0.035403
0 0.841459 0.946553 0.070577 0.048495
0 0.711864 0.338024 0.042045 0.035351
