0 0.277489 0.632591 0.042145 0.076624
0 0.093516 0.604920 0.054546 0.051749
0 0.007217 0.610771 0.014434 0.047874
0 0.216331 0.050841 0.034370 0.057863
0 0.190086 0.060249 0.033278 0.057962
0 0.979619 0.443272 0.040763 0.056626
0 0.978596 0.274583 0.042808 0.047638
0 0.925941 0.252919 0.052613 0.043292
0 0.701607 0.846611 0.020451 0.031892
0 0.686674 0.830317 0.026211 0.064452
0 0.668163 0.824529 0.027409 0.084058
0 0.647652 0.817775 0.029530 0.079033
0 0.624924 0.815925 0.029353 0.074652
0 0.690643 0.984465 0.046649 0.031071
