0 0.592286 0.782113 0.051261 0.124940
0 0.731195 0.568311 0.053701 0.042310
0 0.704847 0.450615 0.046039 0.047443
0 0.828400 0.070168 0.054877 0.051286
0 0.312159 0.665702 0.039702 0.035926
0 0.159137 0.886432 0.057207 0.049670
0 0.980068 0.791490 0.039864 0.040246
0 0.854194 0.864846 0.045498 0.083149
0 0.857099 0.942301 0.043998 0.029742
0 0.786496 0.909828 0.043975 0.018344
0 0.786700 0.955858 0.038973 0.020580
0 0.108290 0.751192 0.067352 0.069976
0 0.273257 0.708348 0.046010 0.077705
0 0.293423 0.897681 0.054985 0.077805
