0 0.130527 0.508669 0.058201 0.050159
0 0.290538 0.136087 0.099701 0.086858
0 0.091312 0.163333 0.053251 0.049333
0 0.091500 0.281753 0.040352 0.044226
0 0.707263 0.371994 0.076231 0.053732
0 0.894657 0.808753 0.109587 0.065806
0 0.587022 0.654041 0.055256 0.048203
0 0.628071 0.555422 0.044870 0.042214
0 0.509994 0.987161 0.038302 0.025677
0 0.292563 0.291529 0.022221 0.058297
0 0.317626 0.294874 0.025148 0.062021
0 0.191210 0.105076 0.046331 0.047755
0 0.873033 0.082848 0.054609 0.047063
0 0.668811 0.095781 0.061817 0.066565
0 0.640990 0.313493 0.036682 0.046147
0 0.515742 0.518659 0.042215 0.046475
