0 0.348635 0.980862 0.081833 0.038276
0 0.105538 0.334789 0.051398 0.067733
0 0.153902 0.152002 0.060835 0.069391
0 0.101926 0.481606 0.090022 0.039186
0 0.486802 0.333079 0.125031 0.030947
0 0.482202 0.359521 0.140693 0.028491
0 0.460420 0.424401 0.084305 0.041046
0 0.456391 0.391358 0.080211 0.021029
0 0.535845 0.388808 0.047830 0.018314
0 0.487995 0.691577 0.075433 0.021119
0 0.477236 0.662414 0.052811 0.018214
0 0.471502 0.605681 0.063221 0.018948
0 0.478466 0.631695 0.059190 0.023298
0 0.347866 0.177943 0.074793 0.059977
