0 0.704786 0.448538 0.057594 0.067452
0 0.874897 0.395067 0.081937 0.055759
0 0.670941 0.256264 0.055220 0.062878
0 0.729723 0.069710 0.081344 0.043302
0 0.214345 0.366986 0.099156 0.025319
0 0.291830 0.334563 0.045125 0.061689
0 0.323002 0.414938 0.057595 0.057539
0 0.305783 0.962157 0.048094 0.037936
0 0.374956 0.895708 0.060562 0.037963
0 0.622253 0.526827 0.048094 0.060353
0 0.229783 0.844132 0.048094 0.047392
0 0.097375 0.791348 0.057594 0.062798
0 0.076594 0.901069 0.067094 0.047406
0 0.867325 0.980986 0.074516 0.020444
0 0.821162 0.266052 0.025533 0.025506
0 0.847584 0.271094 0.023752 0.028472
