0 0.878008 0.299737 0.046906 0.050074
0 0.681379 0.179902 0.051992 0.050790
0 0.621387 0.225846 0.071639 0.056058
0 0.248969 0.061304 0.055826 0.043870
0 0.033638 0.336566 0.047629 0.047466
0 0.146444 0.358996 0.042771 0.043297
0 0.152793 0.581189 0.066425 0.056934
0 0.205072 0.731464 0.068122 0.071971
0 0.117881 0.969143 0.054079 0.061713
0 0.505570 0.698244 0.047716 0.047303
0 0.574887 0.652205 0.067849 0.059018
0 0.706900 0.585463 0.049601 0.042066
0 0.769171 0.512853 0.042668 0.051764
0 0.820889 0.426892 0.053915 0.049055
0 0.325194 0.414469 0.042438 0.042859
0 0.662630 0.446611 0.037395 0.036850
