0 0.820122 0.788373 0.037109 0.057006
0 0.957873 0.555146 0.063234 0.051170
0 0.714286 0.630616 0.069469 0.033102
0 0.060266 0.981624 0.079562 0.034261
0 0.463424 0.560840 0.077189 0.037370
0 0.504394 0.127062 0.053438 0.059577
0 0.928630 0.202985 0.102720 0.060248
0 0.716363 0.413731 0.058189 0.061097
0 0.438339 0.389708 0.067391 0.083044
0 0.281291 0.484912 0.060859 0.086009
0 0.214196 0.075766 0.045423 0.058436
0 0.127657 0.016955 0.087283 0.033909
0 0.262588 0.012505 0.044234 0.025011
0 0.266595 0.900461 0.044531 0.067666
0 0.123798 0.733364 0.051063 0.051797
0 0.973044 0.621957 0.051419 0.038558
