0 0.116698 0.164994 0.100774 0.059441
0 0.024727 0.497774 0.049454 0.080756
0 0.205750 0.523025 0.081886 0.056093
0 0.420356 0.092246 0.045635 0.050282
0 0.175465 0.932264 0.060888 0.052750
0 0.342989 0.910187 0.046520 0.069723
0 0.363568 0.660432 0.036324 0.043259
0 0.750699 0.403446 0.084425 0.113074
0 0.738880 0.154261 0.045061 0.092090
0 0.936023 0.113686 0.053708 0.072091
0 0.643690 0.120911 0.072547 0.033594
0 0.925212 0.497923 0.095914 0.049253
0 0.598117 0.432623 0.051212 0.121761
0 0.486992 0.689437 0.038463 0.044352
