0 0.120476 0.619200 0.036074 0.042271
0 0.254926 0.798207 0.039255 0.038570
0 0.405728 0.660918 0.057527 0.041818
0 0.500632 0.198807 0.038486 0.047910
0 0.799842 0.060415 0.041092 0.046583
0 0.891894 0.306260 0.038279 0.044715
0 0.704325 0.348394 0.040663 0.048518
0 0.763799 0.929228 0.038881 0.043409
0 0.849387 0.903477 0.047107 0.047019
0 0.829838 0.664919 0.024533 0.050832
0 0.850217 0.669714 0.020734 0.050336
0 0.871499 0.673718 0.019177 0.044454
0 0.908284 0.699138 0.022520 0.044008
0 0.926441 0.703262 0.023415 0.034602
0 0.455361 0.403762 0.041884 0.040000
0 0.374818 0.912207 0.041515 0.052029
0 0.337849 0.387647 0.049302 0.041921
