0 0.116068 0.281550 0.080422 0.059394
0 0.147794 0.185436 0.039978 0.064445
0 0.007599 0.310888 0.015197 0.041896
0 0.229246 0.050387 0.057528 0.062251
0 0.287265 0.030225 0.034843 0.029203
0 0.564006 0.211826 0.082352 0.039986
0 0.607587 0.495980 0.039410 0.047038
0 0.550760 0.546922 0.038445 0.032238
0 0.435389 0.557774 0.016416 0.058225
0 0.701997 0.772665 0.039443 0.041922
0 0.596929 0.895713 0.023986 0.054225
0 0.790855 0.828531 0.016989 0.078374
0 0.211035 0.495785 0.035499 0.061382
0 0.189789 0.555168 0.055978 0.054218
0 0.222886 0.911248 0.042119 0.085582
0 0.094310 0.379949 0.084439 0.036437
0 0.954395 0.112418 0.028194 0.039830
0 0.380638 0.958957 0.036444 0.077892
0 0.903231 0.591872 0.019530 0.042071
0 0.929731 0.595473 0.022049 0.050735
