0 0.872441 0.042290 0.026548 0.034981
0 0.900031 0.044276 0.022133 0.034981
0 0.795240 0.150161 0.087097 0.100890
0 0.802991 0.033454 0.023432 0.027984
0 0.985864 0.269345 0.028272 0.047028
0 0.889965 0.277153 0.064919 0.047650
0 0.728863 0.482677 0.025608 0.053005
0 0.696024 0.474292 0.027800 0.070817
0 0.635646 0.758383 0.065176 0.067830
0 0.156583 0.468437 0.082129 0.075434
0 0.233992 0.904895 0.061199 0.078075
0 0.132539 0.639563 0.035992 0.045168
0 0.052668 0.860723 0.029541 0.037704
0 0.789250 0.928851 0.051379 0.050927
0 0.020731 0.380476 0.026635 0.046251
