0 0.813022 0.060101 0.094728 0.100183
0 0.903462 0.259822 0.053999 0.066029
0 0.620914 0.494649 0.047223 0.044970
0 0.651173 0.413051 0.052867 0.057840
0 0.379041 0.332432 0.062968 0.059071
0 0.352912 0.248851 0.061932 0.064525
0 0.419865 0.742369 0.046837 0.045264
0 0.281981 0.902438 0.043754 0.048192
0 0.881566 0.936099 0.052310 0.053162
0 0.054661 0.647510 0.063899 0.062046
0 0.120037 0.643057 0.047358 0.048320
0 0.187049 0.725228 0.051013 0.052505
0 0.394276 0.138677 0.061791 0.063343
0 0.981816 0.191889 0.036369 0.087710
0 0.921327 0.548197 0.044421 0.046772
0 0.329045 0.441401 0.051386 0.048286
0 0.350303 0.498830 0.057504 0.045278
0 0.371458 0.776862 0.033008 0.030564
0 0.394752 0.777829 0.052473 0.049878
