0 0.135566 0.288605 0.087007 0.149562
0 0.185487 0.219647 0.043443 0.056267
0 0.892525 0.147740 0.067463 0.044464
0 0.946146 0.183201 0.037873 0.059382
0 0.712047 0.495475 0.040218 0.019863
0 0.712557 0.516338 0.039375 0.019607
0 0.712275 0.538889 0.041056 0.017904
0 0.310379 0.554943 0.038539 0.015971
0 0.323770 0.582385 0.034250 0.017000
0 0.333667 0.611000 0.035898 0.016849
0 0.345503 0.641060 0.040060 0.017726
0 0.508534 0.696286 0.082449 0.073944
0 0.091510 0.489232 0.120755 0.028113
0 0.172986 0.418258 0.037446 0.018289
0 0.163829 0.442957 0.026603 0.019496
0 0.086261 0.517598 0.085439 0.022119
0 0.139858 0.625915 0.103091 0.018543
0 0.189001 0.569935 0.023776 0.017473
0 0.144344 0.665546 0.071854 0.019667
0 0.221232 0.657638 0.050659 0.016964
0 0.149403 0.700668 0.037735 0.015512
0 0.219204 0.497276 0.034061 0.019546
0 0.288462 0.490107 0.048881 0.056359
0 0.224411 0.562994 0.032648 0.053992
0 0.089296 0.372873 0.053915 0.051816
0 0.067961 0.274915 0.060253 0.036457
0 0.909451 0.303224 0.047618 0.036557
0 0.958431 0.303588 0.047048 0.039083
