0 0.063822 0.139744 0.079984 0.064321
0 0.209319 0.198446 0.069029 0.057528
0 0.225498 0.132721 0.054073 0.046546
0 0.065668 0.555959 0.043883 0.062003
0 0.277118 0.908557 0.047054 0.053902
0 0.341043 0.937685 0.044426 0.039102
0 0.353074 0.766856 0.055843 0.067966
0 0.506463 0.693197 0.065003 0.053077
0 0.410291 0.076606 0.056458 0.068004
0 0.408516 0.221352 0.055014 0.067394
0 0.471011 0.115568 0.054202 0.067066
0 0.593178 0.119577 0.041437 0.047169
0 0.679154 0.207025 0.058806 0.048989
0 0.899764 0.049597 0.061297 0.046517
0 0.927266 0.834156 0.056965 0.059840
0 0.764525 0.732010 0.046488 0.044316
0 0.661222 0.904893 0.045198 0.050747
0 0.606060 0.870823 0.045278 0.042731
0 0.118757 0.165002 0.026114 0.039357
0 0.980564 0.518564 0.038873 0.050595
0 0.831455 0.129759 0.054160 0.054864
0 0.822366 0.106872 0.049321 0.052120
