0 0.150284 0.272907 0.049405 0.053287
0 0.126758 0.173123 0.046604 0.058773
0 0.604160 0.153748 0.081806 0.075546
0 0.724655 0.265999 0.020568 0.075132
0 0.720936 0.073364 0.038749 0.056289
0 0.828134 0.090446 0.036539 0.040269
0 0.307284 0.855377 0.040419 0.066422
0 0.392595 0.789723 0.056879 0.050969
0 0.580000 0.755827 0.035814 0.038555
0 0.532551 0.991532 0.045723 0.016936
0 0.587539 0.987472 0.063869 0.025057
0 0.277383 0.071817 0.048652 0.061479
0 0.338757 0.061912 0.043676 0.053724
0 0.310017 0.217183 0.041377 0.042801
0 0.399269 0.134241 0.038513 0.041221
0 0.533740 0.297015 0.021047 0.023818
0 0.503380 0.133542 0.036409 0.040541
0 0.856685 0.149880 0.028424 0.036990
0 0.865230 0.281306 0.019001 0.036210
0 0.902906 0.274460 0.019028 0.033691
0 0.587372 0.868076 0.059758 0.077523
0 0.732245 0.688985 0.058333 0.045543
