0 0.028900 0.540957 0.050668 0.047583
0 0.227225 0.249445 0.068077 0.075964
0 0.281257 0.321507 0.053850 0.056309
0 0.403773 0.422991 0.048014 0.049362
0 0.031158 0.430378 0.038140 0.045033
0 0.807683 0.650595 0.041595 0.046090
0 0.746009 0.645818 0.043214 0.048682
0 0.822413 0.344038 0.040680 0.046333
0 0.627198 0.176347 0.045998 0.038429
0 0.542755 0.165579 0.037996 0.041461
0 0.765351 0.947754 0.045884 0.056507
0 0.798622 0.986225 0.032238 0.027551
0 0.398644 0.062351 0.045257 0.041086
0 0.571339 0.077752 0.048298 0.048438
