0 0.549660 0.099868 0.074470 0.069956
0 0.517583 0.028833 0.066693 0.057667
0 0.205295 0.287437 0.064224 0.070933
0 0.365883 0.349525 0.108359 0.115212
0 0.309981 0.374274 0.055695 0.063101
0 0.262707 0.259926 0.054692 0.044038
0 0.509225 0.537885 0.059785 0.040685
0 0.533158 0.630020 0.066456 0.043279
0 0.855120 0.511783 0.034337 0.037925
0 0.766601 0.826278 0.046816 0.049180
0 0.353245 0.010412 0.047844 0.020824
0 0.381544 0.099825 0.063316 0.050306
0 0.732949 0.613938 0.027379 0.017047
0 0.731515 0.591161 0.024937 0.014280
0 0.727278 0.567918 0.029339 0.018706
0 0.725225 0.547766 0.027173 0.015918
