0 0.330088 0.959493 0.049998 0.051351
0 0.836693 0.694974 0.043081 0.039247
0 0.805725 0.623451 0.062111 0.089644
0 0.130630 0.477844 0.045770 0.098520
0 0.429717 0.333389 0.041891 0.050133
0 0.532971 0.300423 0.047282 0.054216
0 0.361816 0.169756 0.063930 0.066321
0 0.431762 0.047951 0.049684 0.049964
0 0.650037 0.069749 0.067935 0.060216
0 0.253307 0.926131 0.047304 0.051567
0 0.255908 0.835983 0.036624 0.060047
0 0.049343 0.146088 0.051987 0.072323
0 0.827281 0.435197 0.050242 0.048844
0 0.470540 0.724838 0.054850 0.071597
0 0.494436 0.707148 0.039052 0.037328
