0 0.776685 0.156150 0.050680 0.075489
0 0.865059 0.203846 0.058857 0.044554
0 0.763073 0.035007 0.040676 0.038039
0 0.975976 0.301601 0.048048 0.063932
0 0.991605 0.363361 0.016789 0.033965
0 0.774509 0.608299 0.049353 0.087593
0 0.486754 0.606682 0.051852 0.045639
0 0.445868 0.542681 0.037360 0.042787
0 0.453073 0.428018 0.060019 0.022895
0 0.199804 0.656690 0.045434 0.045185
0 0.093996 0.533628 0.057310 0.027894
0 0.131153 0.735881 0.077029 0.029040
0 0.550115 0.214500 0.061541 0.043160
0 0.490612 0.184138 0.054024 0.062091
0 0.137260 0.159204 0.080951 0.044266
0 0.683692 0.117208 0.042037 0.087345
0 0.063968 0.309552 0.074974 0.043729
0 0.346107 0.883958 0.043062 0.025477
0 0.338864 0.909353 0.052110 0.029258
