0 0.118218 0.737420 0.117863 0.134835
0 0.823810 0.195751 0.082479 0.129568
0 0.969554 0.224179 0.060892 0.069348
0 0.950764 0.469301 0.050125 0.073826
0 0.902017 0.317381 0.062653 0.064578
0 0.739024 0.171169 0.066067 0.078387
0 0.774254 0.946097 0.097352 0.107807
0 0.664030 0.963074 0.057340 0.073852
0 0.616778 0.731361 0.052092 0.084593
0 0.705667 0.700522 0.035489 0.077281
0 0.673929 0.319301 0.024442 0.039119
0 0.664865 0.187619 0.028209 0.074270
0 0.644953 0.328333 0.021240 0.039119
0 0.620551 0.331149 0.019990 0.038493
0 0.597742 0.328088 0.016239 0.021248
0 0.978388 0.962533 0.028054 0.047275
0 0.200665 0.980909 0.059184 0.028917
0 0.131542 0.981602 0.056309 0.023287
0 0.006234 0.577788 0.012468 0.048649
0 0.030173 0.391647 0.040123 0.031203
