0 0.875691 0.476257 0.052909 0.063911
0 0.939599 0.083184 0.054695 0.058386
0 0.857559 0.069241 0.127223 0.132527
0 0.125438 0.878525 0.041020 0.043934
0 0.034778 0.770582 0.047559 0.042777
0 0.097795 0.784223 0.033292 0.036844
0 0.457761 0.120254 0.037453 0.037617
0 0.441709 0.096975 0.035075 0.036141
0 0.559122 0.051915 0.058259 0.045673
0 0.066881 0.162839 0.039237 0.040928
0 0.315973 0.017494 0.049937 0.034987
0 0.253849 0.854802 0.057667 0.023777
0 0.341984 0.985491 0.075798 0.026528
0 0.975418 0.680681 0.046667 0.016016
