0 0.899335 0.163876 0.058236 0.057595
0 0.879145 0.220877 0.041616 0.045719
0 0.829707 0.264220 0.067458 0.054031
0 0.965101 0.671536 0.069798 0.077781
0 0.786356 0.785240 0.082912 0.092627
0 0.704706 0.933677 0.050272 0.051064
0 0.266308 0.611566 0.052469 0.088469
0 0.235280 0.591675 0.045055 0.071250
0 0.207669 0.572378 0.025466 0.040969
0 0.343414 0.483613 0.035634 0.054625
0 0.100480 0.130923 0.051030 0.078377
0 0.295406 0.191783 0.033459 0.058781
0 0.144720 0.359220 0.062300 0.056406
0 0.105677 0.436409 0.038853 0.043344
0 0.257105 0.439674 0.020998 0.029689
0 0.279865 0.447394 0.019005 0.033250
