0 0.138319 0.734745 0.041070 0.062110
0 0.039137 0.483712 0.070461 0.051007
0 0.268012 0.595815 0.073606 0.042905
0 0.524998 0.565813 0.075159 0.048985
0 0.554067 0.130966 0.047490 0.056428
0 0.122258 0.140636 0.097447 0.050050
0 0.301518 0.380761 0.063401 0.069076
0 0.578396 0.400456 0.075730 0.088059
0 0.718875 0.519410 0.072569 0.091860
0 0.848278 0.125699 0.045884 0.064822
0 0.944304 0.078688 0.089336 0.042223
0 0.812510 0.054561 0.044084 0.029257
0 0.668911 0.932896 0.038441 0.063802
0 0.834772 0.790022 0.054432 0.055443
0 0.020777 0.546849 0.041554 0.043109
