0 0.944594 0.493488 0.031471 0.053922
0 0.409793 0.110274 0.038527 0.070613
0 0.304959 0.109463 0.047145 0.069926
0 0.707712 0.880646 0.041072 0.050610
0 0.731803 0.806702 0.039022 0.023631
0 0.369697 0.121557 0.024447 0.039361
0 0.558154 0.325128 0.017954 0.039611
0 0.536722 0.327192 0.018313 0.036493
0 0.514906 0.327451 0.019621 0.020009
0 0.218190 0.302494 0.027510 0.055104
0 0.155123 0.293476 0.022236 0.057807
0 0.207258 0.053430 0.026526 0.026556
0 0.125505 0.102831 0.032761 0.051852
0 0.207008 0.083796 0.016489 0.013182
0 0.229663 0.104178 0.015722 0.020565
0 0.163196 0.087672 0.021000 0.022220
0 0.991509 0.665059 0.016983 0.018752
0 0.985600 0.695060 0.022707 0.023028
0 0.983893 0.724539 0.024238 0.021858
0 0.958031 0.685201 0.023311 0.032526
