0 0.185251 0.099653 0.063533 0.100866
0 0.523394 0.025513 0.083125 0.051027
0 0.538534 0.207287 0.058781 0.082372
0 0.096781 0.399014 0.051656 0.046678
0 0.948522 0.198549 0.054625 0.062045
0 0.917943 0.364615 0.070658 0.049042
0 0.667380 0.372177 0.044531 0.037478
0 0.390394 0.745384 0.115188 0.088291
0 0.142204 0.720472 0.091439 0.049137
0 0.091438 0.914999 0.073030 0.056380
0 0.113704 0.623502 0.036811 0.072242
0 0.475596 0.924486 0.044533 0.094334
0 0.427652 0.594374 0.121422 0.056945
0 0.909927 0.014836 0.047502 0.029672
0 0.689942 0.496874 0.045719 0.039589
