0 0.288887 0.242703 0.113080 0.025948
0 0.193254 0.166979 0.044061 0.042734
0 0.309032 0.287131 0.126626 0.097837
0 0.325821 0.315982 0.075554 0.046409
0 0.962072 0.365682 0.075856 0.038388
0 0.964100 0.411306 0.071799 0.037078
0 0.966258 0.456844 0.058515 0.038429
0 0.904395 0.672951 0.047852 0.044442
0 0.977360 0.596086 0.033776 0.030434
0 0.973303 0.624246 0.034683 0.021404
0 0.979141 0.647115 0.022365 0.017946
0 0.959425 0.643876 0.021685 0.024527
0 0.836691 0.622654 0.052661 0.089259
0 0.685884 0.565008 0.096614 0.082191
0 0.408174 0.840378 0.081442 0.030812
