0 0.429092 0.385083 0.080605 0.082483
0 0.569023 0.430854 0.078586 0.104526
0 0.616560 0.496714 0.044759 0.041707
0 0.594539 0.556823 0.042977 0.037287
0 0.413408 0.745749 0.056633 0.060633
0 0.517311 0.304453 0.061920 0.054890
0 0.624532 0.119352 0.054948 0.052752
0 0.440142 0.163692 0.067061 0.068132
0 0.354785 0.178475 0.073208 0.060688
0 0.331408 0.094197 0.078968 0.085468
0 0.326816 0.340384 0.054868 0.064338
0 0.438633 0.276143 0.045828 0.049906
0 0.206947 0.395578 0.078464 0.070957
0 0.145820 0.357240 0.056485 0.056323
0 0.027644 0.518561 0.055288 0.070099
