0 0.694791 0.398505 0.090053 0.066417
0 0.898448 0.502283 0.076198 0.058116
0 0.984276 0.471150 0.028955 0.026291
0 0.018703 0.873806 0.037406 0.029056
0 0.044334 0.986440 0.047105 0.024630
0 0.006234 0.980905 0.009697 0.035700
0 0.182184 0.514737 0.040177 0.041511
0 0.976725 0.428255 0.033250 0.031827
0 0.685785 0.289578 0.099158 0.104591
0 0.019891 0.915874 0.036812 0.030845
0 0.344674 0.844991 0.036811 0.018388
0 0.349127 0.869608 0.033842 0.014237
0 0.352691 0.892445 0.033844 0.012455
0 0.354174 0.916469 0.033252 0.015422
0 0.975240 0.328038 0.046314 0.016609
0 0.984919 0.295710 0.027669 0.014830
0 0.977645 0.262897 0.042216 0.016394
0 0.977645 0.229387 0.042216 0.013417
