0 0.776680 0.922361 0.064373 0.066692
0 0.913644 0.760792 0.063994 0.068238
0 0.406399 0.462905 0.079936 0.081051
0 0.218122 0.531787 0.062688 0.068760
0 0.285319 0.465656 0.082753 0.086452
0 0.208193 0.368203 0.049038 0.049333
0 0.098310 0.374063 0.048728 0.048628
0 0.261032 0.255494 0.051581 0.049867
0 0.158869 0.152741 0.069716 0.064522
0 0.464383 0.172690 0.053587 0.052298
0 0.688682 0.252649 0.043922 0.038765
0 0.563479 0.941372 0.054963 0.051031
0 0.162834 0.814102 0.059637 0.069424
0 0.364275 0.698856 0.063666 0.068565
0 0.333106 0.741190 0.058007 0.059653
0 0.197681 0.126224 0.058948 0.058653
0 0.184582 0.696584 0.064909 0.065329
0 0.099627 0.537294 0.065906 0.059495
0 0.054491 0.577344 0.050347 0.050548
0 0.183018 0.905097 0.072074 0.067478
0 0.297151 0.170898 0.037302 0.036856
0 0.250516 0.129761 0.022210 0.021650
0 0.325132 0.157176 0.029579 0.026126
0 0.304642 0.141361 0.025222 0.022677
