0 0.565804 0.586323 0.073937 0.058091
0 0.447717 0.528784 0.041339 0.048408
0 0.502783 0.254833 0.054655 0.070648
0 0.165593 0.268297 0.055201 0.105090
0 0.069531 0.482792 0.046524 0.059482
0 0.059767 0.302727 0.078411 0.117052
0 0.283921 0.015769 0.036982 0.031539
0 0.193532 0.005845 0.036016 0.011691
0 0.247572 0.063499 0.033829 0.037465
0 0.323616 0.748081 0.064591 0.117379
0 0.973891 0.395420 0.035268 0.040961
0 0.814402 0.961338 0.037614 0.056454
0 0.511789 0.885719 0.071724 0.040523
0 0.499059 0.965260 0.044786 0.045544
0 0.320760 0.894261 0.065953 0.052876
