0 0.017367 0.160585 0.034734 0.024558
0 0.017367 0.132710 0.034734 0.019820
0 0.130625 0.229868 0.096781 0.082452
0 0.013508 0.230423 0.027016 0.021870
0 0.152298 0.013946 0.058187 0.027892
0 0.236462 0.023146 0.047203 0.042708
0 0.250564 0.126359 0.044531 0.062877
0 0.466691 0.272980 0.052844 0.022328
0 0.460455 0.306388 0.071252 0.023134
0 0.748130 0.346527 0.064719 0.062678
0 0.492816 0.844727 0.071844 0.080606
0 0.922397 0.737079 0.077187 0.057445
0 0.665003 0.856882 0.044531 0.033755
0 0.890631 0.921233 0.037406 0.027247
0 0.908147 0.181348 0.048687 0.048992
0 0.414589 0.986380 0.045422 0.024748
