0 0.371309 0.939723 0.122805 0.082790
0 0.292679 0.873734 0.049996 0.059433
0 0.321400 0.819367 0.097094 0.060837
0 0.031094 0.547137 0.062188 0.060386
0 0.179438 0.554588 0.048403 0.036201
0 0.282789 0.541141 0.052878 0.073751
0 0.397393 0.467577 0.116769 0.123202
0 0.105649 0.163806 0.104453 0.100969
0 0.617351 0.475452 0.151617 0.107038
0 0.767825 0.420752 0.064105 0.047152
0 0.752005 0.374720 0.072817 0.045286
0 0.914319 0.292854 0.083355 0.111235
0 0.936265 0.471138 0.072826 0.068868
0 0.852794 0.613667 0.065264 0.065352
0 0.778884 0.554003 0.083408 0.051553
0 0.503305 0.600665 0.035514 0.053817
0 0.457627 0.432867 0.038322 0.046051
0 0.463943 0.477891 0.038539 0.045334
0 0.471306 0.557063 0.063621 0.037525
0 0.471531 0.582273 0.054606 0.029044
0 0.479303 0.518114 0.034333 0.038802
0 0.439546 0.532768 0.058950 0.036574
