0 0.430487 0.778729 0.068834 0.055796
0 0.278866 0.732414 0.073779 0.049965
0 0.323891 0.288027 0.060198 0.051676
0 0.798141 0.523971 0.150438 0.136317
0 0.024701 0.805168 0.039154 0.036309
0 0.214998 0.962278 0.053505 0.037753
0 0.323135 0.528747 0.062442 0.049098
0 0.120802 0.348858 0.035801 0.019969
0 0.126827 0.374459 0.042647 0.018035
0 0.225572 0.107505 0.049449 0.075587
0 0.146852 0.130593 0.022974 0.026904
0 0.162356 0.169406 0.024081 0.030808
0 0.136033 0.086447 0.022055 0.019963
0 0.101585 0.064453 0.041230 0.021607
