0 0.329086 0.859175 0.046574 0.040340
0 0.169060 0.701964 0.039290 0.037438
0 0.328158 0.569776 0.035181 0.056753
0 0.796267 0.540274 0.048635 0.033480
0 0.975778 0.264137 0.048444 0.045441
0 0.747581 0.138788 0.042811 0.033343
0 0.679529 0.319760 0.049703 0.036367
0 0.111667 0.179052 0.040109 0.034490
0 0.149292 0.097771 0.044791 0.045202
0 0.382802 0.150414 0.049268 0.018072
0 0.380489 0.129372 0.049764 0.014770
0 0.379754 0.108049 0.043799 0.013958
0 0.359567 0.067909 0.043061 0.017716
0 0.358068 0.049379 0.034105 0.019190
0 0.588975 0.557852 0.035223 0.037891
0 0.073118 0.566138 0.054772 0.039355
0 0.588626 0.675404 0.048241 0.044599
