0 0.683562 0.445762 0.066475 0.070564
0 0.720550 0.559228 0.063810 0.062308
0 0.701567 0.626006 0.068992 0.075036
0 0.874766 0.467469 0.049369 0.072174
0 0.362206 0.564692 0.064128 0.078742
0 0.143496 0.442913 0.093588 0.102517
0 0.112841 0.515222 0.070781 0.077374
0 0.059795 0.588715 0.119590 0.121082
0 0.068132 0.713786 0.044918 0.054465
0 0.129241 0.863713 0.039533 0.045296
0 0.158357 0.083506 0.038815 0.040119
0 0.661965 0.957726 0.037976 0.034705
0 0.866623 0.079637 0.026345 0.024473
0 0.834771 0.077118 0.018411 0.030854
0 0.808832 0.069964 0.021984 0.029823
0 0.299088 0.670938 0.066205 0.051470
0 0.303573 0.887529 0.053926 0.067848
