0 0.005679 0.755264 0.011358 0.067312
0 0.087478 0.457964 0.057685 0.070686
0 0.165919 0.229724 0.059379 0.071236
0 0.312535 0.238379 0.040671 0.047151
0 0.472577 0.209566 0.037158 0.036445
0 0.183959 0.486133 0.024132 0.038913
0 0.039103 0.869013 0.020942 0.054630
0 0.065813 0.885283 0.021274 0.075432
0 0.449217 0.866600 0.042891 0.047347
0 0.280652 0.851884 0.078991 0.069688
0 0.273865 0.911717 0.065017 0.072191
0 0.205775 0.682803 0.040288 0.054190
0 0.195824 0.068646 0.013242 0.036704
0 0.287563 0.004457 0.013693 0.008915
0 0.310980 0.003582 0.015105 0.007164
0 0.336041 0.002910 0.017952 0.005819
