0 0.889375 0.396479 0.074339 0.077351
0 0.942659 0.339460 0.063731 0.064888
0 0.587775 0.147855 0.070114 0.071686
0 0.589176 0.319993 0.109238 0.120036
0 0.545567 0.276767 0.060980 0.065246
0 0.633846 0.190551 0.047919 0.057481
0 0.467815 0.522385 0.052380 0.065473
0 0.390531 0.579550 0.055408 0.070294
0 0.621291 0.833224 0.046364 0.044710
0 0.297969 0.869402 0.050992 0.048982
0 0.913789 0.178830 0.058378 0.067274
0 0.824991 0.239757 0.058775 0.063807
0 0.481319 0.757908 0.023369 0.027420
0 0.502023 0.749377 0.019717 0.025220
0 0.522172 0.737158 0.025919 0.028916
0 0.540268 0.727447 0.021569 0.027666
