0 0.393148 0.519898 0.041768 0.140965
0 0.310386 0.877647 0.054139 0.052350
0 0.340106 0.985150 0.029803 0.029699
0 0.295523 0.982751 0.038061 0.034498
0 0.151506 0.792904 0.037845 0.056361
0 0.055165 0.315342 0.041024 0.063357
0 0.123647 0.099565 0.048212 0.106634
0 0.731840 0.428355 0.026028 0.116916
0 0.594554 0.538983 0.017488 0.066159
0 0.902913 0.492934 0.015244 0.092283
0 0.818285 0.796026 0.046360 0.056943
0 0.988456 0.692518 0.023088 0.040065
0 0.581596 0.826488 0.040845 0.032925
0 0.465006 0.879555 0.031827 0.035609
0 0.121565 0.970516 0.023516 0.035821
0 0.305871 0.242203 0.072763 0.088438
