0 0.324279 0.324716 0.055974 0.061512
0 0.685714 0.058552 0.020805 0.058599
0 0.681386 0.126002 0.021737 0.055723
0 0.651615 0.038866 0.018665 0.043242
0 0.355130 0.039502 0.020486 0.058007
0 0.327891 0.034955 0.027081 0.058407
0 0.268277 0.183183 0.037565 0.044697
0 0.093287 0.076624 0.041589 0.041792
0 0.251412 0.666624 0.060143 0.110620
0 0.153663 0.509458 0.014300 0.070601
0 0.152500 0.631308 0.029018 0.057512
0 0.108531 0.616505 0.030930 0.039923
0 0.186571 0.804203 0.060368 0.052492
0 0.102069 0.861934 0.067159 0.046286
0 0.259681 0.979211 0.023722 0.041578
0 0.229294 0.976568 0.021242 0.046863
0 0.440354 0.838189 0.026509 0.058943
