0 0.154219 0.221494 0.173888 0.351767
0 0.924263 0.674012 0.074056 0.141363
0 0.965572 0.402410 0.068856 0.075625
0 0.860926 0.209713 0.105004 0.136458
0 0.523331 0.512295 0.088328 0.048237
0 0.574844 0.729745 0.108068 0.039751
0 0.574084 0.707843 0.102639 0.029707
0 0.423445 0.977871 0.042329 0.032064
0 0.046259 0.922582 0.055977 0.042305
0 0.221776 0.237371 0.054334 0.061739
0 0.319754 0.212770 0.029410 0.039759
0 0.769939 0.701266 0.089841 0.079491
0 0.795899 0.652190 0.042257 0.022449
0 0.136125 0.613418 0.068635 0.100082
0 0.714612 0.280656 0.137989 0.141809
0 0.379265 0.178419 0.036830 0.020536
