0 0.221494 0.413056 0.351767 0.691562
0 0.674012 0.075737 0.141363 0.074056
0 0.402410 0.034428 0.075625 0.068856
0 0.209713 0.139074 0.136458 0.105004
0 0.512295 0.476669 0.048237 0.088328
0 0.729745 0.425156 0.039751 0.108068
0 0.707843 0.425916 0.029707 0.102639
0 0.977871 0.576555 0.032064 0.042329
0 0.922582 0.953741 0.042305 0.055977
0 0.237371 0.778224 0.061739 0.054334
0 0.212770 0.680246 0.039759 0.029410
0 0.701266 0.230061 0.079491 0.089841
0 0.652190 0.204101 0.022449 0.042257
0 0.613418 0.863875 0.100082 0.068635
0 0.280656 0.285388 0.141809 0.137989
0 0.178419 0.620735 0.020536 0.036830
