0 0.717473 0.035016 0.067891 0.070032
0 0.715841 0.116043 0.067844 0.061235
0 0.692589 0.244737 0.044014 0.041839
0 0.641709 0.428233 0.062809 0.057936
0 0.060078 0.165658 0.063878 0.057996
0 0.205989 0.314437 0.057733 0.042454
0 0.230782 0.608356 0.078319 0.062456
0 0.371043 0.513765 0.074170 0.019385
0 0.251782 0.778292 0.043235 0.041722
0 0.322095 0.682122 0.040682 0.019156
0 0.355096 0.602313 0.036364 0.017504
0 0.332829 0.102370 0.110415 0.104961
0 0.768791 0.637300 0.065174 0.051628
0 0.727354 0.608350 0.066693 0.052435
0 0.920567 0.614418 0.064584 0.053618
0 0.782662 0.786723 0.060890 0.047616
0 0.984771 0.824245 0.030459 0.027174
0 0.989507 0.770806 0.020985 0.026869
0 0.923204 0.948606 0.081489 0.025393
0 0.976404 0.397863 0.032609 0.069261
0 0.576765 0.098017 0.035340 0.025734
0 0.588433 0.123292 0.039657 0.026293
