0 0.019400 0.573069 0.038799 0.065921
0 0.187451 0.414808 0.041277 0.038910
0 0.116854 0.236095 0.066367 0.068715
0 0.047323 0.157979 0.041389 0.081947
0 0.234346 0.023103 0.061670 0.046206
0 0.501367 0.105738 0.068860 0.072011
0 0.505967 0.617386 0.039413 0.049399
0 0.513153 0.569062 0.041232 0.049060
0 0.791163 0.906158 0.036319 0.076970
0 0.903854 0.876781 0.034567 0.114385
0 0.655658 0.408257 0.045961 0.065675
0 0.531763 0.337206 0.044982 0.049020
0 0.970222 0.737046 0.032965 0.058902
0 0.288378 0.515430 0.031313 0.064331
0 0.455270 0.718335 0.050390 0.046399
