0 0.572266 0.786258 0.059620 0.124271
0 0.725130 0.584306 0.053820 0.045884
0 0.707697 0.465220 0.044205 0.045409
0 0.857566 0.093943 0.053694 0.049510
0 0.301065 0.652029 0.041625 0.037571
0 0.131664 0.861284 0.057837 0.046419
0 0.960785 0.824458 0.046404 0.042173
0 0.827788 0.888516 0.049886 0.082235
0 0.824781 0.965757 0.043778 0.027996
0 0.757252 0.928748 0.043171 0.015573
0 0.753658 0.974708 0.039224 0.017888
0 0.091745 0.722893 0.065007 0.067376
0 0.259097 0.692998 0.040917 0.077600
0 0.266229 0.881684 0.049582 0.079184
