0 0.207534 0.536443 0.126286 0.073524
0 0.388736 0.713504 0.051591 0.056610
0 0.508856 0.710646 0.041323 0.041285
0 0.859766 0.904334 0.045827 0.050997
0 0.373639 0.284011 0.040005 0.044495
0 0.187617 0.087979 0.041829 0.058261
0 0.121743 0.917659 0.045047 0.049208
0 0.074681 0.777818 0.079675 0.056969
0 0.005513 0.766949 0.011026 0.025695
0 0.043624 0.702464 0.018200 0.042629
0 0.003649 0.694782 0.007298 0.039377
0 0.329158 0.067619 0.062044 0.060149
0 0.336231 0.236726 0.078871 0.042952
0 0.149651 0.220296 0.084637 0.041881
