0 0.180617 0.807083 0.053790 0.079573
0 0.101598 0.749417 0.061484 0.051313
0 0.181952 0.929267 0.043837 0.042291
0 0.014960 0.641214 0.029921 0.062701
0 0.240916 0.359042 0.057199 0.090183
0 0.526222 0.395631 0.055216 0.050132
0 0.558964 0.464340 0.040991 0.045440
0 0.537699 0.577208 0.060439 0.029420
0 0.817105 0.381276 0.048553 0.048888
0 0.907101 0.516082 0.058736 0.033759
0 0.894269 0.310968 0.075552 0.037933
0 0.415666 0.777341 0.064085 0.049579
0 0.471062 0.814218 0.059082 0.067120
0 0.818841 0.882421 0.083982 0.053642
0 0.271235 0.857738 0.051190 0.089503
0 0.911700 0.741983 0.073341 0.052170
0 0.699587 0.137601 0.043099 0.029676
0 0.709544 0.113501 0.052294 0.034376
