0 0.786955 0.817380 0.062473 0.119688
0 0.838579 0.676061 0.062219 0.083337
0 0.597490 0.510493 0.055383 0.063014
0 0.380930 0.789468 0.060517 0.079007
0 0.327925 0.973682 0.041970 0.029611
0 0.245853 0.756744 0.033779 0.057964
0 0.218253 0.751772 0.037744 0.056648
0 0.121465 0.747406 0.071173 0.095689
0 0.051021 0.257536 0.062234 0.052112
0 0.137326 0.014780 0.037596 0.029559
0 0.062178 0.034688 0.046270 0.042963
0 0.276080 0.295525 0.038729 0.067405
0 0.299553 0.320977 0.030118 0.040478
0 0.570939 0.223212 0.069357 0.045832
0 0.575675 0.199305 0.056933 0.036015
0 0.594894 0.172340 0.067250 0.047633
