0 0.250816 0.721057 0.113914 0.043221
0 0.145241 0.780798 0.048840 0.048827
0 0.278067 0.680480 0.114889 0.112865
0 0.299283 0.654172 0.073858 0.056502
0 0.935975 0.706845 0.079972 0.034513
0 0.948015 0.660671 0.077366 0.033526
0 0.952217 0.615128 0.060709 0.034818
0 0.927443 0.391820 0.043778 0.040516
0 0.984575 0.481026 0.030850 0.027706
0 0.985397 0.450952 0.029207 0.017419
0 0.993245 0.429108 0.013510 0.018570
0 0.974655 0.428754 0.022013 0.022857
0 0.850872 0.431390 0.045732 0.083129
0 0.695458 0.466484 0.098401 0.075234
0 0.463569 0.149196 0.083225 0.025646
