0 0.154376 0.096831 0.042155 0.036516
0 0.232158 0.012166 0.031469 0.024333
0 0.768020 0.076071 0.068875 0.016342
0 0.100345 0.380923 0.065906 0.017611
0 0.184657 0.565012 0.067095 0.061098
0 0.577426 0.512813 0.096189 0.036184
0 0.021227 0.754420 0.042453 0.044859
0 0.085501 0.743305 0.074217 0.048552
0 0.348237 0.756946 0.048689 0.040252
0 0.290345 0.889506 0.130031 0.095447
0 0.917943 0.946730 0.057595 0.049847
0 0.734473 0.657598 0.061156 0.026797
0 0.986403 0.503618 0.024700 0.037964
0 0.758669 0.473740 0.078672 0.017355
0 0.942881 0.722842 0.033844 0.032531
0 0.952381 0.671783 0.045719 0.043303
0 0.730911 0.785112 0.107469 0.056414
0 0.113704 0.660809 0.035623 0.015422
0 0.709535 0.920640 0.095595 0.029620
