0 0.149092 0.489818 0.092051 0.105094
0 0.203836 0.594444 0.065671 0.115261
0 0.339292 0.653595 0.044216 0.081103
0 0.088307 0.745399 0.068374 0.084665
0 0.047443 0.898836 0.046379 0.075859
0 0.008375 0.908300 0.016751 0.026691
0 0.287697 0.890241 0.058158 0.076510
0 0.389033 0.792334 0.057885 0.073168
0 0.505914 0.815171 0.040594 0.045922
0 0.458741 0.910383 0.043376 0.060584
0 0.658161 0.686778 0.036504 0.057110
0 0.302404 0.251954 0.039985 0.070099
0 0.406932 0.067998 0.027954 0.035891
0 0.654331 0.043512 0.045585 0.064207
0 0.767928 0.588942 0.018540 0.043186
0 0.737456 0.584387 0.019136 0.044857
0 0.786837 0.968879 0.024841 0.041360
0 0.642698 0.180348 0.039633 0.040605
