0 0.089954 0.246180 0.117564 0.052198
0 0.057149 0.963625 0.113705 0.051606
0 0.439080 0.872303 0.135377 0.043250
0 0.399745 0.770844 0.058484 0.046859
0 0.427502 0.570944 0.086095 0.042116
0 0.355362 0.327445 0.093814 0.043894
0 0.477675 0.311088 0.080750 0.050509
0 0.805130 0.189235 0.054031 0.047455
0 0.957131 0.721017 0.052844 0.030253
0 0.808395 0.348800 0.080750 0.061691
0 0.627597 0.285329 0.044531 0.046267
0 0.636059 0.591408 0.095889 0.087791
0 0.806020 0.807325 0.053438 0.013050
0 0.804834 0.834640 0.052252 0.017736
0 0.806763 0.868718 0.056703 0.020761
0 0.598950 0.920491 0.040078 0.013309
