0 0.720209 0.182050 0.081411 0.053099
0 0.512129 0.395422 0.056103 0.060456
0 0.356647 0.358839 0.074846 0.033110
0 0.373006 0.321083 0.055894 0.028462
0 0.387386 0.295868 0.022463 0.014902
0 0.373336 0.849603 0.066901 0.056113
0 0.430994 0.903224 0.054141 0.047529
0 0.222089 0.953552 0.046676 0.043815
0 0.183072 0.898212 0.050905 0.055216
0 0.068857 0.859229 0.032105 0.037701
0 0.194332 0.756153 0.065348 0.044944
0 0.584700 0.104168 0.053686 0.034242
0 0.444582 0.035625 0.050789 0.023403
0 0.267086 0.056025 0.071794 0.052624
0 0.182324 0.353009 0.060762 0.048209
0 0.238345 0.576906 0.078348 0.028364
0 0.525961 0.258497 0.058496 0.060042
0 0.009097 0.371290 0.018194 0.025411
