0 0.374238 0.118430 0.047426 0.053307
0 0.214672 0.123110 0.074884 0.078318
0 0.337618 0.454124 0.055118 0.062219
0 0.097564 0.585246 0.045223 0.055513
0 0.386700 0.780711 0.053596 0.077075
0 0.446804 0.637341 0.075095 0.079972
0 0.530626 0.203678 0.031753 0.073752
0 0.840125 0.265248 0.052658 0.045656
0 0.840990 0.199553 0.033950 0.044409
0 0.653835 0.299025 0.036460 0.036874
0 0.617548 0.257405 0.026768 0.039112
0 0.728510 0.250531 0.034114 0.032984
0 0.910669 0.398803 0.039753 0.048708
0 0.873754 0.144258 0.035837 0.042211
