0 0.281730 0.761212 0.042581 0.057704
0 0.092692 0.877616 0.025565 0.051234
0 0.330765 0.760152 0.037486 0.047956
0 0.406649 0.740022 0.060303 0.052292
0 0.468599 0.841096 0.032969 0.033834
0 0.321839 0.838093 0.045636 0.042170
0 0.124435 0.313830 0.034639 0.038454
0 0.113815 0.158930 0.037928 0.038221
0 0.116784 0.221677 0.038275 0.029861
0 0.686736 0.707814 0.044472 0.078284
0 0.730906 0.727530 0.040350 0.039898
0 0.732856 0.620405 0.053531 0.037698
0 0.805572 0.648547 0.067968 0.072920
0 0.877936 0.799802 0.038055 0.053411
0 0.734937 0.844065 0.055925 0.053661
0 0.688487 0.949143 0.034164 0.031575
0 0.683364 0.913236 0.033503 0.025778
0 0.602822 0.877403 0.039853 0.036446
0 0.606888 0.939113 0.038523 0.032732
0 0.881779 0.652046 0.057227 0.035691
0 0.888908 0.910791 0.020541 0.079233
0 0.984813 0.623367 0.030375 0.077023
0 0.803302 0.236785 0.042840 0.091712
0 0.921580 0.200376 0.036906 0.040981
0 0.686329 0.387702 0.052445 0.040399
0 0.853900 0.254756 0.058756 0.056425
0 0.316331 0.292572 0.043377 0.036666
0 0.363474 0.174393 0.031262 0.060408
0 0.478902 0.009370 0.016626 0.018740
0 0.513640 0.008455 0.017950 0.016911
0 0.538019 0.406343 0.038936 0.035429
0 0.319697 0.404481 0.044003 0.059975
0 0.251945 0.424973 0.035832 0.055251
