0 0.917180 0.157578 0.101661 0.093346
0 0.711551 0.080893 0.066243 0.056081
0 0.496978 0.378879 0.043584 0.045973
0 0.576331 0.342867 0.056738 0.052798
0 0.675348 0.609008 0.057612 0.062896
0 0.760820 0.629142 0.065035 0.060089
0 0.263740 0.596776 0.045637 0.047604
0 0.113618 0.745445 0.048389 0.044073
0 0.038096 0.149895 0.054211 0.052390
0 0.383946 0.954520 0.062586 0.062796
0 0.383640 0.889093 0.048619 0.046646
0 0.297119 0.827954 0.053307 0.051848
0 0.867878 0.580387 0.062325 0.061772
0 0.422417 0.083044 0.046705 0.043844
0 0.570640 0.666450 0.045852 0.052525
0 0.511702 0.649289 0.045133 0.056962
0 0.232728 0.647471 0.031571 0.033120
0 0.230274 0.624290 0.052057 0.050831
