0 0.417464 0.354685 0.042707 0.057766
0 0.502565 0.678526 0.064089 0.061639
0 0.571726 0.926341 0.046465 0.062451
0 0.898201 0.807586 0.093941 0.048675
0 0.284393 0.081684 0.027006 0.075111
0 0.203833 0.010579 0.054643 0.021157
0 0.251064 0.011135 0.015709 0.022261
0 0.275792 0.006944 0.013747 0.013889
0 0.354112 0.171238 0.024196 0.071203
0 0.317426 0.187987 0.017863 0.063810
0 0.063431 0.324795 0.057200 0.037476
0 0.057697 0.272649 0.056965 0.038548
0 0.305620 0.407811 0.048048 0.054540
0 0.461222 0.521382 0.060600 0.044577
0 0.695742 0.582525 0.042096 0.031520
0 0.812519 0.598926 0.019948 0.040041
0 0.788748 0.582863 0.017829 0.025152
0 0.141820 0.464446 0.062582 0.044294
