0 0.487007 0.015173 0.060914 0.030347
0 0.622660 0.200144 0.035894 0.038841
0 0.808603 0.151983 0.063481 0.061172
0 0.894685 0.092031 0.081000 0.033366
0 0.891320 0.549031 0.066273 0.063843
0 0.382587 0.491574 0.052653 0.044514
0 0.429450 0.504485 0.052247 0.046376
0 0.061306 0.739337 0.074652 0.027868
0 0.077507 0.855396 0.115080 0.021466
0 0.572113 0.665495 0.063465 0.041673
0 0.658064 0.551124 0.045915 0.041870
0 0.206982 0.940978 0.055311 0.033599
0 0.510803 0.288088 0.064972 0.037921
0 0.288248 0.429284 0.050156 0.054590
