0 0.787607 0.806771 0.148996 0.059563
0 0.844609 0.743583 0.054544 0.033684
0 0.756237 0.038225 0.055891 0.074329
0 0.705275 0.009391 0.050571 0.018782
0 0.455944 0.291820 0.026199 0.042555
0 0.436265 0.297590 0.027962 0.037843
0 0.414633 0.300671 0.026128 0.040860
0 0.487053 0.697015 0.017870 0.040932
0 0.459593 0.690139 0.023345 0.036735
0 0.428041 0.686980 0.021504 0.038648
0 0.397778 0.681941 0.025346 0.042111
0 0.306871 0.535877 0.058218 0.076862
0 0.600803 0.895539 0.028601 0.118174
0 0.653545 0.798672 0.025572 0.036891
0 0.631413 0.814382 0.024561 0.028195
0 0.577945 0.907093 0.026202 0.088225
0 0.458589 0.879039 0.040733 0.103783
0 0.502740 0.817485 0.020527 0.022446
0 0.419171 0.883449 0.034335 0.072115
0 0.410067 0.808259 0.017134 0.050827
0 0.383144 0.886060 0.020716 0.038875
0 0.566878 0.772261 0.019629 0.036135
0 0.557557 0.703279 0.053683 0.038843
0 0.502162 0.781769 0.053374 0.042101
0 0.715862 0.872587 0.043118 0.049010
0 0.816379 0.870103 0.025238 0.058169
0 0.599299 0.056858 0.043871 0.054375
0 0.589312 0.015569 0.045704 0.031139
