0 0.055418 0.615394 0.047793 0.045191
0 0.221810 0.692185 0.074094 0.059843
0 0.382100 0.771371 0.053894 0.067263
0 0.527036 0.877269 0.056370 0.065088
0 0.558128 0.956444 0.044809 0.046834
0 0.614201 0.946490 0.037060 0.032996
0 0.631257 0.923596 0.040077 0.028032
0 0.782055 0.971129 0.111596 0.049270
0 0.684323 0.710323 0.064178 0.050124
0 0.872225 0.725449 0.072603 0.058605
0 0.800039 0.478378 0.066847 0.057726
0 0.896685 0.180324 0.088751 0.080239
0 0.418947 0.350418 0.073434 0.075843
0 0.499721 0.251741 0.069843 0.065831
0 0.693539 0.919214 0.057783 0.051370
0 0.569637 0.310740 0.052774 0.049340
0 0.604581 0.201723 0.054774 0.045084
0 0.618479 0.223230 0.056304 0.044417
0 0.890977 0.057634 0.057214 0.055801
0 0.671589 0.282235 0.053284 0.049860
0 0.520156 0.350026 0.046637 0.042696
0 0.417309 0.170442 0.053648 0.055613
0 0.371856 0.190972 0.072688 0.055624
0 0.458762 0.138844 0.043362 0.046395
