0 0.024245 0.237997 0.048491 0.035975
0 0.049183 0.273281 0.040178 0.045663
0 0.263231 0.199253 0.044334 0.035975
0 0.314491 0.209630 0.052645 0.037359
0 0.646300 0.673862 0.087281 0.071952
0 0.814630 0.687006 0.072044 0.045663
0 0.358777 0.298677 0.040672 0.021947
0 0.364862 0.275649 0.033248 0.024108
0 0.445613 0.329323 0.039187 0.021156
0 0.450956 0.302235 0.036813 0.023133
0 0.457784 0.276094 0.035031 0.023219
0 0.462534 0.249997 0.035031 0.024397
0 0.467877 0.220639 0.035033 0.026169
0 0.473816 0.199023 0.031469 0.025508
