0 0.877255 0.600529 0.037362 0.074916
0 0.627242 0.560529 0.070520 0.054498
0 0.654167 0.481334 0.029187 0.083434
0 0.632090 0.476195 0.025671 0.074716
0 0.598141 0.387371 0.030195 0.037526
0 0.461558 0.344641 0.046863 0.087803
0 0.442715 0.261491 0.076390 0.083264
0 0.385813 0.108356 0.064004 0.085018
0 0.484757 0.033610 0.046290 0.059548
0 0.647840 0.196489 0.045268 0.066466
0 0.254410 0.205546 0.084345 0.068917
0 0.222322 0.136409 0.027799 0.076960
0 0.199394 0.133787 0.026844 0.075060
0 0.175556 0.133146 0.027023 0.065586
0 0.158218 0.340105 0.053651 0.044623
0 0.064572 0.771880 0.045077 0.044910
0 0.017069 0.908089 0.034138 0.045664
0 0.085957 0.205982 0.062839 0.042116
0 0.618190 0.335228 0.026622 0.039542
