0 0.183941 0.369893 0.042914 0.066929
0 0.084235 0.302388 0.044779 0.044964
0 0.894563 0.023594 0.043115 0.042263
0 0.798832 0.224596 0.058868 0.063031
0 0.950415 0.164984 0.045955 0.046728
0 0.867257 0.472472 0.047169 0.036643
0 0.812874 0.626720 0.052354 0.045190
0 0.621584 0.788276 0.038665 0.044594
0 0.377961 0.727882 0.054926 0.044517
0 0.857958 0.649559 0.030758 0.050427
0 0.881283 0.640110 0.029780 0.046417
0 0.751947 0.273875 0.049559 0.046987
0 0.651182 0.149825 0.050853 0.045716
0 0.762807 0.019280 0.039474 0.038560
