0 0.808035 0.101869 0.070881 0.068304
0 0.918439 0.218317 0.061257 0.063399
0 0.712568 0.285714 0.062966 0.067792
0 0.683969 0.319819 0.031355 0.042703
0 0.656832 0.329511 0.021546 0.027779
0 0.638590 0.351087 0.062498 0.065618
0 0.436371 0.069917 0.070356 0.070116
0 0.247843 0.108920 0.071412 0.068272
0 0.147354 0.112060 0.077030 0.075371
0 0.475052 0.322064 0.056960 0.052832
0 0.639035 0.169125 0.060640 0.067960
0 0.889861 0.451292 0.044181 0.037933
0 0.805837 0.568838 0.055172 0.055473
0 0.381651 0.299072 0.034214 0.036430
0 0.360879 0.317660 0.035890 0.035856
0 0.571890 0.213216 0.029122 0.036625
0 0.375936 0.613008 0.051882 0.058337
0 0.341428 0.587656 0.037383 0.038539
0 0.683891 0.798966 0.052327 0.033272
0 0.551925 0.230413 0.019311 0.021051
0 0.561215 0.556572 0.044139 0.041765
0 0.167666 0.278782 0.024775 0.038110
0 0.150852 0.294860 0.015990 0.017131
0 0.222036 0.351164 0.014048 0.020423
0 0.204175 0.357919 0.017325 0.019028
0 0.224233 0.327753 0.020305 0.025163
0 0.294583 0.162227 0.048590 0.059320
