0 0.100999 0.823543 0.064339 0.061454
0 0.180499 0.803385 0.050430 0.064953
0 0.299182 0.749145 0.035016 0.038966
0 0.464489 0.654734 0.046567 0.057918
0 0.070265 0.153681 0.063922 0.075313
0 0.251894 0.260305 0.042641 0.060394
0 0.539598 0.214227 0.078726 0.083160
0 0.482016 0.373180 0.027998 0.073386
0 0.710431 0.191349 0.046165 0.048251
0 0.633666 0.283249 0.026729 0.040653
0 0.564128 0.334818 0.023134 0.036786
0 0.071503 0.430749 0.109055 0.117801
0 0.698155 0.727732 0.039853 0.059576
0 0.659724 0.693623 0.038779 0.062968
0 0.713501 0.880195 0.042701 0.060361
0 0.847660 0.706455 0.035569 0.059660
0 0.931164 0.911301 0.024033 0.066893
0 0.879601 0.926278 0.027947 0.051983
0 0.519726 0.987470 0.065121 0.025059
0 0.128898 0.672924 0.017970 0.034882
0 0.155725 0.676337 0.017226 0.039597
