0 0.942444 0.709848 0.050752 0.048918
0 0.723217 0.181455 0.036865 0.042016
0 0.649324 0.209654 0.084494 0.062777
0 0.446034 0.866219 0.097450 0.038178
0 0.328083 0.555256 0.048692 0.039864
0 0.304178 0.449702 0.053128 0.045966
0 0.158793 0.608630 0.067014 0.062335
0 0.043719 0.528881 0.049367 0.050174
0 0.084584 0.312977 0.056822 0.067055
0 0.902826 0.783012 0.049881 0.045868
0 0.813426 0.772687 0.057498 0.033279
0 0.108100 0.917914 0.070710 0.047883
0 0.464275 0.168020 0.046923 0.047953
0 0.721472 0.549126 0.073604 0.050257
0 0.705692 0.523714 0.037605 0.037393
