0 0.144914 0.223704 0.125502 0.141012
0 0.790385 0.836588 0.092606 0.131761
0 0.940445 0.823859 0.069310 0.073311
0 0.945089 0.577493 0.055219 0.075851
0 0.880427 0.723867 0.065683 0.068683
0 0.703318 0.852522 0.070202 0.081512
0 0.820511 0.082871 0.104849 0.116970
0 0.712735 0.055216 0.064416 0.077582
0 0.640659 0.282346 0.058481 0.086082
0 0.726042 0.322157 0.041784 0.076378
0 0.654243 0.697893 0.027146 0.039348
0 0.631417 0.827977 0.035586 0.073626
0 0.626071 0.686103 0.024235 0.039349
0 0.602287 0.680600 0.023423 0.038911
0 0.579436 0.681323 0.017328 0.021914
0 0.016631 0.370287 0.016045 0.049440
0 0.021498 0.558649 0.041217 0.034440
