0 0.654780 0.702020 0.056443 0.078293
0 0.834788 0.747052 0.064371 0.063286
0 0.928133 0.793200 0.051856 0.061584
0 0.931268 0.189244 0.048418 0.052877
0 0.952585 0.208398 0.047666 0.051616
0 0.973565 0.115607 0.052870 0.064511
0 0.925169 0.092926 0.053280 0.040001
0 0.118257 0.035488 0.088443 0.070976
0 0.070042 0.264466 0.047794 0.071124
0 0.138022 0.112051 0.037335 0.039133
0 0.196953 0.107686 0.042657 0.045559
0 0.182213 0.745205 0.018638 0.035943
0 0.205770 0.736891 0.023399 0.068467
0 0.224923 0.736283 0.026938 0.084965
0 0.244595 0.741391 0.028632 0.079768
0 0.264211 0.746418 0.026291 0.071787
0 0.134972 0.886780 0.057305 0.057070
