0 0.206089 0.018338 0.038776 0.036675
0 0.324413 0.014935 0.035635 0.029870
0 0.396599 0.005906 0.059371 0.011811
0 0.563075 0.205362 0.113905 0.116255
0 0.838138 0.391300 0.116017 0.082801
0 0.721838 0.990248 0.060693 0.019505
0 0.592625 0.961927 0.129930 0.076145
0 0.363271 0.294072 0.049471 0.044099
0 0.353001 0.355877 0.054193 0.060297
0 0.233018 0.241866 0.065911 0.065440
0 0.148046 0.174090 0.037945 0.037573
0 0.073878 0.293054 0.050561 0.041528
0 0.064726 0.328085 0.041506 0.036319
0 0.183634 0.351896 0.055737 0.065022
0 0.029913 0.910109 0.059825 0.109695
0 0.115083 0.615511 0.064820 0.068107
0 0.282305 0.517525 0.047387 0.046574
0 0.109500 0.262543 0.083078 0.074371
0 0.583321 0.301886 0.064309 0.060402
