0 0.771802 0.406502 0.059263 0.070536
0 0.712081 0.259361 0.054243 0.075692
0 0.272921 0.341449 0.050697 0.059264
0 0.549977 0.794970 0.139688 0.152278
0 0.763597 0.010374 0.036418 0.020747
0 0.936038 0.175481 0.039662 0.055449
0 0.513167 0.321176 0.052477 0.064363
0 0.316500 0.135576 0.022780 0.036456
0 0.342159 0.139845 0.021177 0.042225
0 0.085526 0.260767 0.073905 0.043385
0 0.101019 0.181175 0.028401 0.023066
0 0.141004 0.192072 0.031955 0.025812
0 0.056298 0.173473 0.021374 0.023495
0 0.031059 0.141102 0.024324 0.042014
