0 0.527030 0.638989 0.076935 0.037540
0 0.432972 0.680022 0.039710 0.079060
0 0.393188 0.810842 0.016937 0.075525
0 0.879988 0.856468 0.046178 0.063309
0 0.751837 0.286058 0.041270 0.084752
0 0.978860 0.221457 0.037222 0.041507
0 0.505415 0.273143 0.052996 0.036514
0 0.333873 0.200195 0.050882 0.037416
0 0.315120 0.025819 0.037912 0.051638
0 0.530628 0.019090 0.083583 0.036497
0 0.136673 0.200365 0.040787 0.048120
0 0.201989 0.301200 0.070300 0.041372
0 0.062029 0.010993 0.071595 0.021986
0 0.059916 0.423018 0.034356 0.042307
0 0.786705 0.685713 0.017763 0.067803
