0 0.825880 0.115018 0.066007 0.064162
0 0.942128 0.291152 0.062456 0.069272
0 0.402677 0.525413 0.075490 0.083141
0 0.224534 0.434164 0.059892 0.068328
0 0.282946 0.507782 0.078794 0.088814
0 0.194074 0.595502 0.049024 0.049102
0 0.085830 0.575504 0.047016 0.047427
0 0.233300 0.713616 0.051092 0.048539
0 0.119536 0.802705 0.070995 0.062990
0 0.424634 0.820155 0.053721 0.052226
0 0.656809 0.768383 0.044120 0.040831
0 0.616914 0.069235 0.054603 0.049722
0 0.203468 0.146640 0.057070 0.068192
0 0.389364 0.285760 0.060060 0.066361
0 0.363843 0.239974 0.057043 0.058557
0 0.154007 0.834184 0.059095 0.055919
0 0.210938 0.266322 0.063359 0.066316
0 0.107163 0.414155 0.065430 0.054711
0 0.067150 0.368258 0.048366 0.048789
0 0.234731 0.059381 0.071477 0.062565
0 0.258443 0.801869 0.037907 0.033695
0 0.207074 0.836985 0.021393 0.020564
0 0.284411 0.818818 0.029397 0.026366
0 0.262889 0.832365 0.024012 0.022455
