0 0.509497 0.327308 0.061474 0.061696
0 0.849224 0.141571 0.074840 0.049130
0 0.929746 0.322716 0.071660 0.067553
0 0.968640 0.154587 0.043308 0.033851
0 0.048887 0.491660 0.060133 0.064857
0 0.143057 0.386153 0.060789 0.058728
0 0.231954 0.423644 0.052013 0.048061
0 0.358412 0.589825 0.066850 0.053820
0 0.218503 0.521071 0.071416 0.067029
0 0.054385 0.809214 0.068001 0.061415
0 0.550881 0.711728 0.032818 0.015735
0 0.439440 0.738389 0.034930 0.042035
0 0.494330 0.720894 0.075440 0.046300
0 0.758887 0.692524 0.073412 0.085651
0 0.879469 0.870505 0.065942 0.049032
0 0.452221 0.956399 0.033479 0.043963
0 0.654439 0.980572 0.049596 0.038856
0 0.364289 0.734906 0.039598 0.043120
0 0.504715 0.473568 0.054606 0.045976
