0 0.402774 0.030813 0.038871 0.048720
0 0.106502 0.433688 0.057211 0.075272
0 0.019125 0.427872 0.038250 0.080995
0 0.126838 0.650004 0.077137 0.095686
0 0.052895 0.542860 0.044786 0.111199
0 0.493461 0.915565 0.067056 0.060801
0 0.567556 0.937371 0.048024 0.120093
0 0.725225 0.893912 0.078179 0.049008
0 0.942281 0.791606 0.073539 0.099821
0 0.847797 0.488285 0.040120 0.061358
0 0.805464 0.420259 0.026336 0.077015
0 0.849986 0.274745 0.057751 0.094496
0 0.667471 0.327387 0.024085 0.077056
0 0.519512 0.575430 0.040047 0.081399
0 0.478801 0.578590 0.024348 0.077926
0 0.546312 0.640768 0.032115 0.044416
0 0.506244 0.649765 0.017776 0.040151
0 0.901258 0.672047 0.048701 0.083852
0 0.099011 0.258689 0.056054 0.073831
