0 0.542316 0.890201 0.081386 0.037376
0 0.488846 0.640708 0.058620 0.067918
0 0.572989 0.638057 0.078178 0.029157
0 0.568718 0.615672 0.075557 0.029571
0 0.640575 0.550814 0.045342 0.037279
0 0.629913 0.407884 0.091244 0.051153
0 0.705361 0.363673 0.094652 0.074156
0 0.823588 0.255694 0.088677 0.062087
0 0.927196 0.319846 0.066428 0.051658
0 0.837634 0.527725 0.062565 0.047071
0 0.683400 0.167115 0.077806 0.078349
0 0.741186 0.112201 0.078250 0.032962
0 0.734115 0.087823 0.075804 0.026403
0 0.724888 0.066105 0.066300 0.023854
0 0.526213 0.124391 0.052263 0.054009
0 0.092876 0.189632 0.048213 0.038085
0 0.630092 0.017436 0.046119 0.034872
0 0.696411 0.551847 0.037223 0.034875
