0 0.173441 0.784887 0.119102 0.094465
0 0.055025 0.927446 0.053832 0.057301
0 0.592925 0.920514 0.045859 0.062359
0 0.452327 0.765310 0.076290 0.071583
0 0.458458 0.509901 0.075469 0.041892
0 0.126824 0.391153 0.077429 0.034696
0 0.069894 0.299814 0.044798 0.040952
0 0.605003 0.207467 0.118699 0.066125
0 0.333647 0.041128 0.093662 0.048566
0 0.418739 0.272550 0.053400 0.043548
0 0.709014 0.489653 0.089590 0.100826
0 0.752824 0.904568 0.041321 0.062340
0 0.633405 0.974833 0.039724 0.041182
0 0.991231 0.104099 0.017539 0.035919
0 0.353833 0.361294 0.036596 0.036848
0 0.978600 0.323519 0.033239 0.036681
0 0.539371 0.559329 0.063134 0.029762
0 0.154325 0.664591 0.029579 0.057276
