0 0.757991 0.036887 0.096033 0.073774
0 0.871405 0.212619 0.049730 0.064881
0 0.619137 0.480084 0.048854 0.046866
0 0.638992 0.395519 0.052368 0.059088
0 0.359580 0.347987 0.062355 0.060927
0 0.323280 0.268687 0.064425 0.062879
0 0.449875 0.750204 0.044949 0.044082
0 0.332451 0.925776 0.042684 0.047284
0 0.932063 0.885910 0.051557 0.050708
0 0.075917 0.700739 0.065079 0.060377
0 0.140438 0.688023 0.048047 0.047230
0 0.216924 0.761633 0.048958 0.050488
0 0.351249 0.154359 0.061100 0.064381
0 0.946657 0.131621 0.042028 0.093040
0 0.924031 0.496292 0.044908 0.046342
0 0.323177 0.463125 0.048796 0.051973
0 0.351343 0.517244 0.057776 0.045001
0 0.406033 0.790376 0.032425 0.028447
0 0.429254 0.788732 0.054727 0.045488
