0 0.464551 0.362135 0.076945 0.039942
0 0.554948 0.315058 0.039392 0.080273
0 0.584873 0.182547 0.022024 0.076239
0 0.096099 0.170821 0.049370 0.064464
0 0.266202 0.730988 0.040709 0.087424
0 0.042069 0.811268 0.036166 0.044003
0 0.510041 0.726682 0.051904 0.040122
0 0.686711 0.787538 0.053124 0.040610
0 0.717197 0.965786 0.040801 0.061506
0 0.502716 0.980484 0.085371 0.039033
0 0.884266 0.774881 0.042041 0.048206
0 0.812185 0.679215 0.069308 0.042800
0 0.967331 0.968955 0.065339 0.046970
0 0.943884 0.546967 0.036227 0.042752
0 0.202787 0.334305 0.016607 0.068010
