0 0.982020 0.478292 0.035959 0.064882
0 0.750155 0.620848 0.073419 0.048345
0 0.553927 0.316112 0.059285 0.068703
0 0.498648 0.541663 0.040461 0.045496
0 0.433449 0.471672 0.040386 0.062770
0 0.498629 0.753065 0.035776 0.040337
0 0.333248 0.329204 0.035960 0.041412
0 0.197567 0.428222 0.046432 0.060602
0 0.276250 0.425058 0.063749 0.049207
0 0.431956 0.245343 0.025253 0.037582
0 0.458294 0.351140 0.029609 0.075460
0 0.261136 0.092152 0.064056 0.054830
0 0.294428 0.205087 0.061750 0.043570
0 0.099767 0.546927 0.020830 0.058472
0 0.079071 0.549155 0.026699 0.059079
0 0.100820 0.840944 0.043456 0.081175
0 0.061288 0.857079 0.048572 0.067933
0 0.099444 0.904197 0.028373 0.055356
0 0.071848 0.909736 0.033701 0.058374
0 0.360698 0.954014 0.057783 0.039603
0 0.099248 0.124623 0.017708 0.033675
