0 0.043186 0.245905 0.059545 0.064243
0 0.074448 0.298289 0.042324 0.045219
0 0.131475 0.331997 0.066332 0.058139
0 0.074646 0.758886 0.067383 0.086157
0 0.273246 0.834548 0.087224 0.091605
0 0.382201 0.964676 0.051274 0.051372
0 0.750318 0.564566 0.064590 0.081177
0 0.776640 0.539601 0.054480 0.065635
0 0.800601 0.515559 0.029303 0.039763
0 0.650299 0.453809 0.043250 0.053168
0 0.821643 0.061646 0.062101 0.081583
0 0.642222 0.158105 0.042531 0.058948
0 0.821154 0.293625 0.067273 0.063302
0 0.875030 0.362257 0.045787 0.048894
0 0.726610 0.394019 0.024635 0.030277
0 0.705260 0.406534 0.023414 0.032738
