0 0.635746 0.542563 0.043763 0.078527
0 0.687528 0.454714 0.081953 0.043223
0 0.821398 0.431859 0.076531 0.025770
0 0.807652 0.920551 0.065124 0.051606
0 0.256961 0.721313 0.089149 0.044693
0 0.165175 0.940904 0.045734 0.037826
0 0.274174 0.478132 0.042700 0.053170
0 0.222586 0.298442 0.042877 0.054637
0 0.046297 0.258722 0.063105 0.043898
0 0.020969 0.472067 0.041937 0.086856
0 0.245537 0.101976 0.050052 0.044295
0 0.337321 0.177900 0.046273 0.068901
0 0.055049 0.021223 0.047838 0.042447
0 0.476377 0.054406 0.044300 0.038073
0 0.649820 0.805373 0.068600 0.019905
