0 0.839532 0.878609 0.099488 0.049280
0 0.974706 0.561181 0.050589 0.075736
0 0.794699 0.513337 0.079883 0.049236
0 0.529098 0.913975 0.042721 0.046545
0 0.874833 0.110196 0.057546 0.047821
0 0.705697 0.112242 0.040152 0.066803
0 0.655024 0.357453 0.033249 0.039837
0 0.239594 0.565133 0.074525 0.106948
0 0.220799 0.813981 0.035090 0.092625
0 0.021560 0.830396 0.043120 0.069139
0 0.310676 0.858271 0.072794 0.025745
0 0.077622 0.450066 0.098572 0.059719
0 0.394213 0.555082 0.037315 0.121255
0 0.536001 0.313757 0.035670 0.040698
