0 0.147395 0.897060 0.041620 0.035909
0 0.223897 0.983074 0.031464 0.024858
0 0.760604 0.928576 0.068709 0.015267
0 0.098326 0.611880 0.065608 0.018349
0 0.185850 0.429484 0.066288 0.060125
0 0.577624 0.489134 0.095570 0.036672
0 0.025721 0.237211 0.041929 0.044246
0 0.089778 0.249518 0.073916 0.047726
0 0.352769 0.240442 0.048299 0.039722
0 0.297102 0.106886 0.129463 0.094018
0 0.925665 0.060620 0.057110 0.049150
0 0.737218 0.346489 0.061074 0.025886
0 0.986713 0.505087 0.024717 0.037958
0 0.758207 0.531444 0.078890 0.017326
0 0.946951 0.284961 0.033911 0.032016
0 0.955274 0.336102 0.045173 0.042758
0 0.735815 0.218969 0.106955 0.054825
0 0.116569 0.332473 0.035887 0.014798
0 0.716829 0.083073 0.095570 0.028056
