0 0.903984 0.150836 0.048018 0.046294
0 0.781391 0.364088 0.035741 0.037368
0 0.457284 0.374529 0.044568 0.055415
0 0.059429 0.216208 0.047492 0.052432
0 0.201623 0.398990 0.064576 0.062020
0 0.439284 0.538163 0.043835 0.068339
0 0.590567 0.630437 0.060015 0.056711
0 0.605841 0.555801 0.061666 0.041761
0 0.613480 0.872696 0.058240 0.017555
0 0.623250 0.897302 0.035636 0.017307
0 0.476631 0.916998 0.026868 0.035965
0 0.423966 0.943260 0.044028 0.019627
0 0.428531 0.962545 0.030385 0.016747
0 0.316062 0.894137 0.024577 0.019509
0 0.330825 0.871704 0.064315 0.025448
