0 0.847315 0.531996 0.170128 0.169261
0 0.838491 0.888802 0.095010 0.092476
0 0.697679 0.986693 0.049076 0.026613
0 0.411085 0.929890 0.076193 0.077156
0 0.462344 0.718466 0.079896 0.079622
0 0.342813 0.729129 0.057764 0.050834
0 0.126638 0.832995 0.056520 0.052939
0 0.486995 0.982071 0.066540 0.035857
0 0.959404 0.440182 0.068432 0.074186
0 0.893074 0.261302 0.168800 0.162914
0 0.836716 0.189382 0.058120 0.052374
0 0.610995 0.451192 0.061930 0.066124
0 0.525132 0.507533 0.064243 0.068064
0 0.686123 0.317453 0.073732 0.076249
0 0.777444 0.075643 0.075978 0.062582
0 0.631983 0.050051 0.103085 0.070085
0 0.412100 0.086627 0.081513 0.080044
0 0.572846 0.292053 0.075295 0.072280
0 0.285464 0.103840 0.067615 0.072381
0 0.231199 0.257939 0.074564 0.064795
0 0.231715 0.434460 0.065572 0.068764
0 0.299367 0.517487 0.104930 0.097210
0 0.359118 0.502209 0.053118 0.050626
0 0.435553 0.428533 0.084859 0.086385
0 0.451458 0.356284 0.050753 0.044563
0 0.373062 0.030037 0.070367 0.060074
0 0.408818 0.008688 0.045444 0.017376
0 0.032756 0.731996 0.050454 0.051761
0 0.725765 0.468585 0.051369 0.051904
0 0.648671 0.369878 0.094353 0.079173
0 0.739761 0.135338 0.051092 0.047731
