0 0.816709 0.024327 0.072439 0.048653
0 0.508551 0.083043 0.077189 0.053414
0 0.273127 0.137926 0.076594 0.055164
0 0.263330 0.282364 0.048688 0.035591
0 0.215830 0.437480 0.039188 0.032625
0 0.526066 0.183600 0.038594 0.024322
0 0.922395 0.087505 0.053438 0.014830
0 0.935459 0.114920 0.073627 0.019319
0 0.871481 0.494721 0.047203 0.037964
0 0.875787 0.325073 0.062345 0.072367
0 0.936202 0.325962 0.066203 0.058725
0 0.719036 0.230757 0.055219 0.034405
0 0.108953 0.145637 0.038000 0.017202
0 0.027609 0.227756 0.022562 0.015494
0 0.024047 0.251035 0.021375 0.017577
0 0.021078 0.276538 0.019000 0.018770
