0 0.668472 0.458417 0.066220 0.060502
0 0.944357 0.728438 0.066472 0.079282
0 0.794101 0.857970 0.067725 0.073462
0 0.966708 0.847174 0.039690 0.051313
0 0.375511 0.066111 0.060612 0.048004
0 0.504567 0.125886 0.063901 0.058430
0 0.494094 0.221031 0.048485 0.054521
0 0.373008 0.391266 0.062897 0.065634
0 0.397843 0.236865 0.073665 0.066435
0 0.075571 0.167320 0.058926 0.076870
0 0.312295 0.611163 0.024433 0.031561
0 0.254648 0.511152 0.049520 0.043356
0 0.286666 0.558347 0.063329 0.079848
0 0.391035 0.803659 0.091173 0.081889
0 0.255771 0.967599 0.058346 0.064801
0 0.049588 0.587881 0.049327 0.041854
0 0.084659 0.787445 0.053501 0.052855
0 0.235830 0.439494 0.045878 0.043974
0 0.526029 0.497870 0.046863 0.054771
