0 0.171277 0.039452 0.059375 0.078905
0 0.219370 0.189235 0.054625 0.067620
0 0.152870 0.200803 0.045125 0.052794
0 0.585864 0.070601 0.060266 0.040336
0 0.843109 0.012602 0.043345 0.025203
0 0.922969 0.306338 0.052250 0.044387
0 0.947609 0.371934 0.037406 0.042708
0 0.776609 0.372317 0.067095 0.052969
0 0.692295 0.519998 0.050469 0.063605
0 0.083847 0.381127 0.067391 0.053980
0 0.228573 0.389728 0.067094 0.052200
0 0.118580 0.444300 0.066205 0.051012
0 0.114128 0.566495 0.046609 0.040334
0 0.195175 0.658141 0.048391 0.057538
0 0.023295 0.866959 0.046589 0.059952
0 0.803921 0.949686 0.058783 0.054572
0 0.713077 0.780071 0.043345 0.045148
0 0.892688 0.689179 0.049875 0.043689
0 0.862703 0.631744 0.040969 0.043894
0 0.191909 0.096106 0.040078 0.023728
0 0.484779 0.980449 0.048686 0.036611
0 0.107448 0.804980 0.056408 0.052258
0 0.085480 0.794157 0.054031 0.047220
