0 0.235325 0.713661 0.057564 0.043548
0 0.115149 0.900668 0.051148 0.026429
0 0.237164 0.664644 0.047990 0.038268
0 0.258379 0.589167 0.053156 0.061088
0 0.158208 0.525149 0.033676 0.032967
0 0.158476 0.672260 0.042114 0.046312
0 0.679597 0.878452 0.037862 0.034695
0 0.834294 0.892100 0.038754 0.038541
0 0.771266 0.888019 0.029842 0.038782
0 0.295457 0.309637 0.078687 0.045748
0 0.276535 0.265158 0.039187 0.041040
0 0.383674 0.265086 0.038539 0.054145
0 0.356230 0.191906 0.072880 0.069183
0 0.206840 0.116889 0.052739 0.038982
0 0.159618 0.259103 0.053615 0.056837
0 0.054500 0.303689 0.031545 0.034682
0 0.090320 0.309448 0.025773 0.033939
0 0.124705 0.390606 0.036591 0.040482
0 0.062499 0.385478 0.032696 0.039061
0 0.354183 0.115657 0.035699 0.057779
0 0.096045 0.103984 0.079455 0.021869
0 0.385504 0.014483 0.075699 0.028965
0 0.768469 0.201338 0.090950 0.044434
0 0.806936 0.083714 0.040331 0.037616
0 0.615530 0.315636 0.041128 0.052999
0 0.751153 0.149954 0.056982 0.058723
0 0.704198 0.687265 0.037268 0.043997
0 0.823223 0.642160 0.060752 0.032164
0 0.990342 0.529802 0.019316 0.016644
0 0.991672 0.494940 0.016656 0.018242
0 0.594019 0.463633 0.035319 0.039525
0 0.592668 0.681920 0.059818 0.044998
0 0.570631 0.749060 0.055757 0.036082
