0 0.219985 0.162805 0.076002 0.071708
0 0.208111 0.238278 0.055812 0.054191
0 0.093220 0.383142 0.042158 0.047331
0 0.306673 0.457722 0.079563 0.084972
0 0.427800 0.239359 0.053438 0.059911
0 0.501425 0.094158 0.039188 0.039997
0 0.521019 0.061241 0.045125 0.034666
0 0.679255 0.245247 0.061156 0.056266
0 0.561691 0.124702 0.050469 0.039394
0 0.890630 0.486051 0.057595 0.044627
0 0.831700 0.895707 0.053734 0.052198
0 0.549073 0.877320 0.048984 0.043895
0 0.590785 0.793570 0.043342 0.037000
0 0.152594 0.630314 0.046906 0.052900
0 0.576238 0.978762 0.036814 0.032009
0 0.195939 0.611039 0.042156 0.038075
0 0.111328 0.579309 0.028500 0.037492
0 0.693208 0.732584 0.039187 0.020167
0 0.698552 0.699366 0.034437 0.021355
0 0.788208 0.393077 0.043937 0.043472
0 0.653129 0.457725 0.038595 0.035153
0 0.662630 0.428960 0.037406 0.032195
0 0.635020 0.210113 0.042750 0.042477
