0 0.221470 0.676481 0.057594 0.051672
0 0.684004 0.440402 0.101533 0.047513
0 0.715770 0.502465 0.053438 0.037417
0 0.890334 0.303800 0.083127 0.043950
0 0.818787 0.216791 0.100345 0.070677
0 0.889443 0.093554 0.070658 0.083148
0 0.901466 0.863862 0.043048 0.017817
0 0.911114 0.891479 0.038000 0.020789
0 0.912598 0.917018 0.040969 0.018411
0 0.940655 0.737952 0.035922 0.039198
0 0.890037 0.609579 0.069470 0.028683
0 0.986552 0.538100 0.024403 0.078991
0 0.985809 0.684701 0.025888 0.047111
0 0.384306 0.427630 0.038297 0.040980
0 0.407908 0.353986 0.052844 0.055234
0 0.213603 0.321618 0.053141 0.032070
