0 0.829524 0.581745 0.097744 0.086164
0 0.520031 0.065039 0.054417 0.061621
0 0.481768 0.149937 0.067578 0.070122
0 0.416509 0.517247 0.044310 0.048833
0 0.374187 0.565798 0.049116 0.048930
0 0.053518 0.114200 0.044599 0.077804
0 0.267238 0.918911 0.064519 0.058194
0 0.389080 0.798082 0.033212 0.032244
0 0.507780 0.935651 0.076754 0.017588
0 0.693139 0.991891 0.027242 0.016217
0 0.610622 0.979576 0.042304 0.040849
0 0.990959 0.452262 0.018082 0.072134
0 0.991510 0.367354 0.016980 0.073129
0 0.891577 0.169646 0.039527 0.059595
