0 0.991415 0.416646 0.017169 0.050178
0 0.026321 0.596527 0.052642 0.047928
0 0.238552 0.381780 0.040887 0.045323
0 0.256814 0.463022 0.042467 0.035646
0 0.229126 0.321963 0.045642 0.042261
0 0.762623 0.207496 0.076300 0.038576
0 0.867852 0.976443 0.058905 0.047113
0 0.797914 0.940194 0.071748 0.061767
0 0.984419 0.529152 0.031163 0.022576
0 0.983713 0.498393 0.032573 0.019162
0 0.984614 0.468922 0.030773 0.020907
0 0.724335 0.489560 0.062319 0.067129
0 0.753577 0.970147 0.064516 0.056256
0 0.466015 0.559712 0.036259 0.040030
0 0.349487 0.527218 0.127825 0.112251
0 0.375858 0.347554 0.051143 0.047020
0 0.959428 0.641266 0.034919 0.047239
