0 0.749821 0.695227 0.058852 0.061065
0 0.087140 0.938184 0.068269 0.044281
0 0.112084 0.669296 0.083155 0.117245
0 0.022501 0.534699 0.045003 0.063419
0 0.699515 0.346307 0.102499 0.072054
0 0.501430 0.355104 0.097226 0.047498
0 0.519575 0.318257 0.113521 0.044615
0 0.543652 0.283673 0.073539 0.036485
0 0.395603 0.165826 0.055765 0.031278
0 0.388546 0.194424 0.056954 0.031278
0 0.298332 0.352534 0.134636 0.051392
0 0.085465 0.828307 0.091022 0.034876
0 0.105792 0.859041 0.036419 0.020084
0 0.254094 0.297026 0.036958 0.029017
