0 0.536407 0.099580 0.045040 0.049313
0 0.693262 0.068554 0.076275 0.077926
0 0.647084 0.418565 0.060232 0.061626
0 0.910919 0.491922 0.047078 0.054802
0 0.673467 0.747987 0.062350 0.073686
0 0.581325 0.621980 0.078183 0.082042
0 0.404578 0.216309 0.019345 0.074436
0 0.115756 0.348385 0.057059 0.054698
0 0.100299 0.283190 0.037410 0.048149
0 0.304898 0.337358 0.043821 0.039097
0 0.330336 0.290175 0.031891 0.043207
0 0.221198 0.308970 0.038655 0.038529
0 0.078434 0.493503 0.046753 0.052237
0 0.055784 0.237552 0.043324 0.047275
