0 0.884618 0.196398 0.051384 0.053457
0 0.709130 0.372135 0.056167 0.070091
0 0.782530 0.479813 0.043377 0.044004
0 0.787150 0.570424 0.080247 0.076498
0 0.758906 0.603950 0.055936 0.071213
0 0.744690 0.671714 0.062564 0.072494
0 0.893444 0.878974 0.052694 0.053804
0 0.426106 0.890938 0.069141 0.082855
0 0.454042 0.837440 0.046995 0.047939
0 0.353800 0.702262 0.069861 0.074022
0 0.244867 0.743933 0.047607 0.046998
0 0.085898 0.397156 0.035710 0.065411
0 0.457007 0.067982 0.136879 0.102410
0 0.530974 0.472724 0.056565 0.051150
0 0.596401 0.414083 0.058900 0.056428
0 0.445489 0.607173 0.062513 0.052003
