0 0.423852 0.895709 0.077675 0.074349
0 0.370843 0.952967 0.065945 0.063462
0 0.154634 0.611988 0.071094 0.071047
0 0.326536 0.601583 0.119197 0.111566
0 0.280469 0.561001 0.064193 0.062053
0 0.200545 0.655116 0.057601 0.047729
0 0.520184 0.466395 0.065142 0.050784
0 0.571796 0.385487 0.070361 0.053766
0 0.841008 0.597860 0.043276 0.045308
0 0.854368 0.272586 0.049123 0.051222
0 0.208985 0.935384 0.069037 0.057789
0 0.263265 0.842606 0.064426 0.057851
0 0.756129 0.463373 0.027717 0.022451
0 0.748825 0.484693 0.025448 0.018924
0 0.737956 0.505643 0.029316 0.024865
0 0.729564 0.524323 0.027882 0.020757
