0 0.884655 0.710593 0.073563 0.077548
0 0.812835 0.736171 0.054101 0.055693
0 0.692866 0.876851 0.047991 0.036516
0 0.579947 0.681580 0.088452 0.080025
0 0.768326 0.520462 0.062096 0.053927
0 0.897887 0.421252 0.042887 0.039260
0 0.926659 0.395510 0.038390 0.044296
0 0.715388 0.275381 0.060160 0.058448
0 0.856660 0.367979 0.040539 0.050560
0 0.440205 0.113049 0.052587 0.057669
0 0.048583 0.249592 0.055432 0.055398
0 0.120447 0.524281 0.046375 0.050339
0 0.195237 0.466693 0.041758 0.047300
0 0.438425 0.866501 0.051928 0.043328
0 0.017128 0.516513 0.034256 0.037949
0 0.448990 0.818859 0.035280 0.040476
0 0.497019 0.896765 0.036520 0.024694
0 0.234881 0.354778 0.026708 0.040165
0 0.266298 0.343316 0.027307 0.035520
0 0.549881 0.196839 0.045562 0.043583
0 0.512195 0.341490 0.038643 0.035283
0 0.538618 0.327014 0.036192 0.035134
0 0.758883 0.312238 0.042546 0.040833
