0 0.256974 0.277576 0.063438 0.059754
0 0.670410 0.591109 0.103777 0.062462
0 0.713230 0.534783 0.057679 0.045200
0 0.850094 0.760845 0.085644 0.056376
0 0.764270 0.833799 0.108371 0.084656
0 0.812881 0.960977 0.082919 0.078046
0 0.957524 0.211715 0.041766 0.024351
0 0.972590 0.185703 0.038867 0.026557
0 0.978074 0.161325 0.040553 0.024523
0 0.975417 0.342465 0.040672 0.043861
0 0.903155 0.459996 0.070478 0.039228
0 0.983721 0.547612 0.032557 0.080739
0 0.373203 0.551670 0.041707 0.042935
0 0.384674 0.628011 0.053794 0.058004
0 0.186970 0.626069 0.053794 0.039728
