0 0.900618 0.778960 0.095066 0.087191
0 0.342251 0.136170 0.050213 0.064654
0 0.369805 0.215848 0.080818 0.053027
0 0.081890 0.636953 0.078245 0.047341
0 0.034813 0.793427 0.069626 0.041180
0 0.603485 0.848542 0.045098 0.045402
0 0.870251 0.402866 0.078778 0.063495
0 0.317383 0.068214 0.054053 0.047964
0 0.527505 0.177327 0.076533 0.037069
0 0.510780 0.058830 0.050647 0.024507
0 0.046328 0.678262 0.067058 0.050800
0 0.624264 0.555980 0.069378 0.096780
0 0.587512 0.689625 0.089806 0.059914
0 0.781299 0.740956 0.056837 0.055789
0 0.900028 0.861966 0.056589 0.050049
0 0.885513 0.919078 0.056838 0.051764
