0 0.148142 0.861006 0.066500 0.062284
0 0.044531 0.677716 0.061156 0.069400
0 0.598801 0.481445 0.072439 0.083780
0 0.769950 0.584884 0.057891 0.067623
0 0.716958 0.507474 0.076000 0.089570
0 0.811958 0.425913 0.048687 0.048641
0 0.918537 0.453869 0.045720 0.046422
0 0.780787 0.305497 0.050470 0.047453
0 0.900427 0.224827 0.071252 0.061691
0 0.597612 0.186086 0.053437 0.051834
0 0.362486 0.221377 0.043938 0.041741
0 0.353284 0.921807 0.054031 0.048639
0 0.771286 0.873463 0.055219 0.067030
0 0.595534 0.721610 0.057594 0.064655
0 0.617652 0.769064 0.056109 0.057538
0 0.868673 0.190718 0.058783 0.053980
0 0.772039 0.753345 0.062047 0.066436
0 0.885891 0.613059 0.064719 0.051606
0 0.922704 0.661996 0.046908 0.047455
0 0.733891 0.957998 0.070656 0.059334
0 0.762094 0.215742 0.038000 0.031659
0 0.815828 0.184309 0.020781 0.019805
0 0.737452 0.197060 0.029095 0.026327
0 0.759421 0.184902 0.023158 0.022178
