0 0.853996 0.236613 0.075813 0.050938
0 0.808726 0.145167 0.042496 0.059711
0 0.973948 0.252822 0.036717 0.040799
0 0.714510 0.027240 0.063549 0.054479
0 0.653618 0.010657 0.033686 0.021314
0 0.401351 0.221827 0.086611 0.046971
0 0.392948 0.509493 0.044227 0.050746
0 0.455425 0.552600 0.041909 0.036218
0 0.570288 0.549441 0.020963 0.059734
0 0.332867 0.794530 0.044000 0.044416
0 0.452229 0.904576 0.026138 0.056744
0 0.251351 0.860662 0.026413 0.077453
0 0.787053 0.459822 0.041204 0.060643
0 0.815466 0.519899 0.060481 0.053303
0 0.827941 0.874070 0.041460 0.081134
0 0.888917 0.329719 0.086487 0.039300
0 0.008603 0.168819 0.017206 0.038466
0 0.675168 0.941804 0.041192 0.075236
0 0.110921 0.640386 0.024205 0.042933
0 0.085226 0.646832 0.027712 0.051915
