0 0.163876 0.100665 0.057595 0.058236
0 0.220877 0.120855 0.045719 0.041616
0 0.264220 0.170293 0.054031 0.067458
0 0.671536 0.034899 0.077781 0.069798
0 0.785240 0.213644 0.092627 0.082912
0 0.933677 0.295294 0.051064 0.050272
0 0.611566 0.733692 0.088469 0.052469
0 0.591675 0.764720 0.071250 0.045055
0 0.572378 0.792331 0.040969 0.025466
0 0.483613 0.656586 0.054625 0.035634
0 0.130923 0.899520 0.078377 0.051030
0 0.191783 0.704594 0.058781 0.033459
0 0.359220 0.855280 0.056406 0.062300
0 0.436409 0.894323 0.043344 0.038853
0 0.439674 0.742895 0.029689 0.020998
0 0.447394 0.720135 0.033250 0.019005
