0 0.811769 0.008716 0.019423 0.017431
0 0.840445 0.008334 0.015811 0.016668
0 0.750430 0.117149 0.078703 0.093389
0 0.742942 0.006600 0.019222 0.013200
0 0.968225 0.127135 0.027623 0.057114
0 0.962354 0.211874 0.040971 0.045663
0 0.860199 0.231413 0.061143 0.042049
0 0.724912 0.454803 0.019796 0.052554
0 0.691184 0.450035 0.019560 0.071682
0 0.666358 0.739644 0.060603 0.062178
0 0.155393 0.511129 0.079206 0.068920
0 0.285384 0.934177 0.054446 0.076275
0 0.152196 0.683562 0.031968 0.043911
0 0.098841 0.911552 0.027147 0.037601
0 0.838528 0.891308 0.049376 0.046851
0 0.010733 0.441041 0.021466 0.043485
