0 0.051114 0.210714 0.050345 0.048218
0 0.201560 0.404885 0.037441 0.041354
0 0.524549 0.367752 0.036999 0.056972
0 0.894154 0.158042 0.046667 0.056104
0 0.781691 0.358948 0.057570 0.057284
0 0.565707 0.528680 0.041859 0.069824
0 0.428881 0.642046 0.066496 0.062468
0 0.402407 0.569925 0.063926 0.049413
0 0.439494 0.884862 0.055230 0.025489
0 0.433243 0.910445 0.037698 0.020273
0 0.580675 0.909538 0.029549 0.039056
0 0.636675 0.928761 0.045713 0.024465
0 0.635714 0.948103 0.030591 0.020799
0 0.737321 0.864484 0.023466 0.017430
0 0.718789 0.844027 0.063093 0.018863
