0 0.570001 0.940078 0.090526 0.063400
0 0.657022 0.917191 0.068719 0.049046
0 0.490439 0.969025 0.075012 0.061949
0 0.407936 0.963391 0.055297 0.051056
0 0.367165 0.939572 0.051573 0.047842
0 0.484247 0.715193 0.090414 0.060819
0 0.251019 0.659637 0.064940 0.079670
0 0.072282 0.502535 0.084015 0.068211
0 0.749725 0.699633 0.070451 0.056125
0 0.770434 0.871762 0.057743 0.053008
0 0.698386 0.781704 0.051884 0.031097
0 0.582304 0.764175 0.081887 0.091143
0 0.866892 0.483520 0.102784 0.059558
0 0.710377 0.427455 0.080043 0.086339
0 0.614947 0.097231 0.041925 0.045469
0 0.258385 0.090962 0.045733 0.041782
0 0.244995 0.257788 0.072948 0.051398
0 0.068580 0.257869 0.061742 0.048946
0 0.676813 0.059387 0.164964 0.091703
0 0.979110 0.386860 0.041780 0.050624
0 0.169318 0.885572 0.080947 0.034161
