0 0.088563 0.513031 0.023832 0.083410
0 0.117485 0.503363 0.016789 0.080687
0 0.006398 0.085777 0.012797 0.064095
0 0.036753 0.081176 0.014254 0.043111
0 0.334330 0.341736 0.115164 0.150246
0 0.404855 0.567636 0.055308 0.086566
0 0.293211 0.761961 0.058524 0.065402
0 0.285752 0.680200 0.043405 0.079440
0 0.783912 0.159433 0.060068 0.040150
0 0.695280 0.041380 0.108095 0.082760
0 0.926584 0.238163 0.047444 0.056146
0 0.964253 0.566814 0.039129 0.043809
0 0.922546 0.948726 0.037927 0.074832
0 0.981697 0.895847 0.036606 0.066775
0 0.993113 0.732657 0.013774 0.095231
0 0.344431 0.163568 0.063905 0.054494
0 0.300106 0.093171 0.024314 0.041047
0 0.346299 0.611839 0.044812 0.034171
