0 0.337936 0.678729 0.055485 0.065480
0 0.015450 0.641662 0.030899 0.051749
0 0.044303 0.502193 0.078579 0.099635
0 0.067932 0.346689 0.081688 0.098483
0 0.079765 0.015767 0.062333 0.031534
0 0.184920 0.219966 0.081250 0.104515
0 0.582652 0.896699 0.060258 0.057552
0 0.676387 0.974614 0.048243 0.049755
0 0.856224 0.972837 0.057690 0.054326
0 0.720549 0.795738 0.048470 0.054639
0 0.899181 0.852758 0.035582 0.059018
0 0.854171 0.749242 0.050026 0.047329
0 0.625262 0.405386 0.091397 0.115579
0 0.677683 0.277725 0.079645 0.088632
0 0.866857 0.228441 0.070098 0.066504
0 0.764098 0.131768 0.062131 0.082543
0 0.915958 0.118308 0.069842 0.058078
0 0.408707 0.027184 0.074171 0.054368
0 0.377412 0.202227 0.090014 0.067774
0 0.399291 0.146438 0.071226 0.058765
0 0.345333 0.113658 0.050123 0.039747
0 0.267912 0.101034 0.070587 0.072038
0 0.321746 0.012783 0.062671 0.025565
0 0.479047 0.374948 0.036267 0.056283
0 0.839631 0.601693 0.042495 0.027213
