0 0.234422 0.157694 0.127537 0.106930
0 0.139478 0.013259 0.051661 0.026519
0 0.671152 0.105456 0.054190 0.066178
0 0.503750 0.230945 0.081388 0.078571
0 0.461300 0.481660 0.079773 0.052000
0 0.112897 0.535811 0.080026 0.046692
0 0.036915 0.613375 0.046422 0.039677
0 0.546476 0.807042 0.119858 0.044064
0 0.248481 0.918222 0.099878 0.055087
0 0.376996 0.707837 0.047743 0.036083
0 0.702857 0.550549 0.104437 0.109243
0 0.825476 0.150972 0.051183 0.066785
0 0.721190 0.060191 0.042349 0.038655
0 0.923889 0.981833 0.055374 0.036334
0 0.328924 0.608893 0.039648 0.041904
0 0.936542 0.763797 0.027730 0.034237
0 0.550143 0.448748 0.063369 0.037958
0 0.191706 0.272130 0.038619 0.057464
