0 0.409371 0.564280 0.043810 0.034403
0 0.258385 0.564911 0.070629 0.046919
0 0.048158 0.610347 0.077625 0.070217
0 0.211960 0.186065 0.053782 0.050350
0 0.130476 0.201348 0.089892 0.052965
0 0.061688 0.199075 0.047515 0.045365
0 0.017239 0.178554 0.034479 0.058729
0 0.789946 0.048121 0.067764 0.052162
0 0.533619 0.229576 0.048576 0.046434
0 0.356797 0.353215 0.047819 0.038736
0 0.936500 0.743332 0.053964 0.039596
0 0.950181 0.813208 0.053190 0.038111
0 0.757792 0.780129 0.045884 0.061701
0 0.693979 0.559429 0.039637 0.021486
0 0.227881 0.260556 0.036920 0.022415
0 0.218717 0.223943 0.041210 0.022564
0 0.125760 0.411190 0.056610 0.027444
