0 0.848351 0.864211 0.061231 0.066625
0 0.661815 0.961311 0.069337 0.060394
0 0.484909 0.400640 0.083946 0.070780
0 0.594258 0.233303 0.067147 0.056783
0 0.515093 0.283487 0.089785 0.074463
0 0.436762 0.185595 0.048321 0.048430
0 0.468649 0.080043 0.045834 0.044989
0 0.315415 0.212679 0.046823 0.050067
0 0.239104 0.090317 0.060928 0.071249
0 0.189782 0.391436 0.051544 0.053198
0 0.216763 0.627609 0.042119 0.043766
0 0.916554 0.661357 0.048009 0.053646
0 0.882838 0.241841 0.066326 0.054191
0 0.724892 0.412196 0.063683 0.056254
0 0.773094 0.391822 0.056922 0.055540
0 0.203742 0.120655 0.052911 0.058519
0 0.762720 0.236975 0.066375 0.061277
0 0.626468 0.118290 0.049959 0.064245
0 0.676836 0.083145 0.046701 0.046093
0 0.965856 0.282235 0.057609 0.070116
0 0.225073 0.228111 0.030583 0.037977
0 0.195539 0.173291 0.019389 0.020437
0 0.205558 0.252043 0.026259 0.028891
0 0.194260 0.229891 0.022287 0.022688
