0 0.114366 0.400847 0.036042 0.040440
0 0.239574 0.215069 0.040989 0.040212
0 0.397561 0.344000 0.058671 0.044104
0 0.516192 0.801238 0.040535 0.047981
0 0.822392 0.923367 0.039250 0.044855
0 0.901576 0.672939 0.040174 0.046046
0 0.712030 0.640757 0.042935 0.050017
0 0.740981 0.057553 0.040336 0.044432
0 0.827759 0.078709 0.047586 0.047620
0 0.820752 0.317965 0.026840 0.051164
0 0.840780 0.312261 0.022873 0.050298
0 0.861939 0.307048 0.021043 0.044477
0 0.897277 0.279788 0.024214 0.044142
0 0.915204 0.274697 0.024886 0.034615
0 0.460464 0.598485 0.043355 0.041595
0 0.353349 0.095061 0.044047 0.053303
0 0.343948 0.621642 0.051421 0.041580
