0 0.521591 0.394074 0.052792 0.110439
0 0.481256 0.253948 0.087197 0.077187
0 0.547902 0.148557 0.081687 0.124095
0 0.652140 0.354887 0.052892 0.091439
0 0.573791 0.373887 0.049233 0.090250
0 0.847413 0.230198 0.094652 0.077187
0 0.899461 0.073151 0.056384 0.107470
0 0.976563 0.087548 0.046873 0.098859
0 0.887877 0.556912 0.021355 0.091736
0 0.851398 0.592981 0.019573 0.053438
0 0.425132 0.069291 0.060367 0.067688
0 0.061863 0.500356 0.039708 0.076000
0 0.158243 0.689170 0.021295 0.040375
0 0.056246 0.935875 0.023727 0.023156
0 0.075227 0.907672 0.030845 0.023750
0 0.092726 0.877835 0.026692 0.023455
0 0.109038 0.846663 0.036777 0.043048
0 0.198312 0.827514 0.030252 0.022562
0 0.197421 0.855570 0.027286 0.025234
0 0.231232 0.846960 0.023727 0.024642
0 0.239834 0.882437 0.024320 0.023156
0 0.261188 0.867295 0.025508 0.024938
0 0.277500 0.902773 0.024912 0.023453
0 0.293220 0.887186 0.023133 0.020781
0 0.306269 0.924148 0.025506 0.027017
0 0.327327 0.908563 0.023728 0.024344
0 0.345716 0.934688 0.023728 0.021969
0 0.357282 0.912719 0.027880 0.025531
