0 0.706480 0.575626 0.095932 0.074150
0 0.897113 0.447115 0.073387 0.062848
0 0.984190 0.469617 0.031621 0.029623
0 0.005287 0.070016 0.010574 0.024784
0 0.183528 0.521742 0.043393 0.041033
0 0.981822 0.513196 0.036357 0.035473
0 0.710671 0.686248 0.109768 0.114955
0 0.303700 0.176142 0.035421 0.014934
0 0.305339 0.151510 0.032706 0.013496
0 0.305239 0.127421 0.033519 0.014461
0 0.305097 0.105420 0.033703 0.014319
0 0.985184 0.612795 0.029631 0.016965
0 0.995891 0.645163 0.008217 0.013900
0 0.991515 0.680107 0.016971 0.015453
0 0.993466 0.712056 0.013068 0.015123
