0 0.298892 0.031514 0.068487 0.063028
0 0.297844 0.108623 0.067929 0.062495
0 0.316512 0.238132 0.044526 0.042618
0 0.360864 0.423354 0.063208 0.059293
0 0.950361 0.181228 0.063738 0.060165
0 0.800197 0.324786 0.058730 0.044231
0 0.766195 0.617745 0.078605 0.059803
0 0.628660 0.518198 0.073973 0.021844
0 0.738285 0.786719 0.042300 0.040876
0 0.671431 0.688221 0.040487 0.017969
0 0.641270 0.607321 0.036125 0.016606
0 0.681027 0.108563 0.113309 0.108221
0 0.226601 0.627849 0.065662 0.053074
0 0.268937 0.600409 0.066991 0.054149
0 0.075667 0.599564 0.064877 0.054930
0 0.207538 0.776529 0.061149 0.049121
0 0.009765 0.809057 0.019530 0.023848
0 0.061104 0.933656 0.081140 0.028035
0 0.027402 0.380935 0.033783 0.069215
0 0.437322 0.095530 0.035555 0.026729
0 0.424760 0.120457 0.039717 0.027473
