0 0.681324 0.920249 0.119138 0.071291
0 0.751752 0.845700 0.044612 0.056377
0 0.716203 0.795303 0.093976 0.051301
0 0.970932 0.489334 0.058136 0.054435
0 0.824505 0.515251 0.046415 0.032869
0 0.721039 0.513867 0.046334 0.070351
0 0.598334 0.455415 0.108079 0.113721
0 0.850681 0.117616 0.095618 0.092592
0 0.380891 0.490050 0.146072 0.093947
0 0.224393 0.453592 0.062016 0.040702
0 0.234825 0.406673 0.071289 0.038130
0 0.063161 0.345290 0.072562 0.106741
0 0.063662 0.524661 0.068055 0.063872
0 0.163626 0.655630 0.060679 0.058776
0 0.227791 0.588421 0.084363 0.042761
0 0.509948 0.599909 0.031667 0.051891
0 0.533630 0.427730 0.035532 0.043691
0 0.533300 0.473886 0.035581 0.042453
0 0.535357 0.553812 0.061374 0.032401
0 0.538314 0.578845 0.053350 0.024040
0 0.522472 0.515317 0.030787 0.036845
0 0.562813 0.525749 0.060300 0.030340
