0 0.018966 0.538882 0.037932 0.066224
0 0.245780 0.387956 0.075062 0.045753
0 0.452510 0.685605 0.061404 0.070167
0 0.499942 0.458233 0.041710 0.046385
0 0.567541 0.526021 0.042181 0.063556
0 0.492546 0.247121 0.037002 0.041305
0 0.672731 0.664529 0.037146 0.041743
0 0.804898 0.561230 0.048214 0.061403
0 0.726133 0.567143 0.064882 0.050934
0 0.576955 0.751977 0.024212 0.037369
0 0.546796 0.647507 0.032066 0.074768
0 0.752927 0.899271 0.065254 0.056574
0 0.715743 0.787516 0.062663 0.045083
0 0.898359 0.438913 0.022844 0.058152
0 0.918914 0.436149 0.028342 0.059221
0 0.887018 0.145403 0.045896 0.081939
0 0.926019 0.127926 0.049882 0.068706
0 0.886237 0.082001 0.029647 0.055857
0 0.913359 0.075995 0.035253 0.058010
0 0.623155 0.041401 0.057526 0.041595
0 0.913584 0.861375 0.018824 0.033463
