0 0.757186 0.944873 0.066040 0.069370
0 0.748869 0.863384 0.067270 0.057765
0 0.714292 0.737409 0.042498 0.039669
0 0.647378 0.559200 0.061480 0.054240
0 0.090533 0.870453 0.067973 0.055676
0 0.223554 0.709703 0.056035 0.039224
0 0.224096 0.415668 0.078335 0.068748
0 0.370989 0.497560 0.074269 0.017013
0 0.228299 0.244237 0.045340 0.043610
0 0.306873 0.334079 0.040952 0.022016
0 0.346791 0.410738 0.036767 0.019653
0 0.366201 0.911456 0.106840 0.097217
0 0.755853 0.339829 0.063606 0.047742
0 0.716879 0.372395 0.065593 0.047877
0 0.908923 0.349097 0.063508 0.050055
0 0.756684 0.189346 0.059921 0.043604
0 0.969874 0.138117 0.060252 0.032465
0 0.976977 0.191355 0.046045 0.033890
0 0.977196 0.056236 0.045609 0.047561
0 0.881762 0.016450 0.081925 0.018661
0 0.983372 0.559319 0.029505 0.069008
0 0.611535 0.893629 0.034614 0.023115
0 0.620908 0.867621 0.039297 0.023208
