0 0.903860 0.199178 0.066424 0.056966
0 0.974357 0.395259 0.051287 0.068453
0 0.399641 0.502848 0.064310 0.083723
0 0.247219 0.373909 0.052373 0.064840
0 0.287114 0.458446 0.068383 0.089675
0 0.180061 0.524746 0.047067 0.046741
0 0.079109 0.479440 0.042003 0.043342
0 0.192615 0.648184 0.048179 0.044175
0 0.061920 0.708541 0.070560 0.057680
0 0.354233 0.794338 0.051852 0.050035
0 0.591800 0.796635 0.042747 0.043038
0 0.710941 0.105780 0.051788 0.045347
0 0.290152 0.088092 0.050085 0.063232
0 0.440031 0.265802 0.051039 0.059679
0 0.425940 0.215449 0.053018 0.054228
0 0.087020 0.747940 0.057038 0.048671
0 0.270972 0.207056 0.058002 0.065525
0 0.136547 0.327920 0.061973 0.043726
0 0.107564 0.273037 0.042804 0.043620
0 0.340752 0.018342 0.067325 0.036685
0 0.196509 0.739711 0.037532 0.026533
0 0.138425 0.762329 0.019041 0.017750
0 0.217738 0.761948 0.027902 0.025770
0 0.195159 0.769728 0.020831 0.023257
