0 0.151083 0.316135 0.169897 0.545610
0 0.932883 0.348294 0.067743 0.139807
0 0.961605 0.622009 0.069124 0.072999
0 0.845144 0.808653 0.098876 0.132996
0 0.523959 0.489096 0.086830 0.044096
0 0.586665 0.274398 0.107738 0.034509
0 0.585011 0.296393 0.103052 0.024479
0 0.448586 0.018857 0.040931 0.030229
0 0.068955 0.054281 0.054285 0.040381
0 0.208250 0.747798 0.056461 0.063235
0 0.304862 0.777002 0.031237 0.039675
0 0.780052 0.313284 0.086563 0.075595
0 0.803395 0.363529 0.041441 0.020673
0 0.142745 0.367396 0.063950 0.097670
0 0.702834 0.730267 0.132499 0.136132
0 0.362523 0.814843 0.037581 0.022310
