0 0.836707 0.910562 0.091100 0.085325
0 0.824573 0.989315 0.030321 0.021370
0 0.320783 0.825868 0.075072 0.068694
0 0.823856 0.593198 0.070525 0.082659
0 0.666824 0.602726 0.069647 0.078646
0 0.684736 0.341034 0.053891 0.050850
0 0.280460 0.182985 0.089353 0.093721
0 0.025129 0.507799 0.050258 0.077493
0 0.111765 0.723258 0.054997 0.062170
0 0.183016 0.741648 0.059883 0.030082
0 0.160261 0.159397 0.076274 0.057438
0 0.145720 0.044861 0.070266 0.062261
0 0.051187 0.288799 0.064782 0.064462
0 0.827960 0.438075 0.046058 0.047217
0 0.895423 0.483636 0.061068 0.066059
0 0.985540 0.451016 0.028920 0.058610
0 0.874000 0.526214 0.035801 0.045014
0 0.940602 0.849362 0.048340 0.070969
0 0.334344 0.708980 0.035739 0.042338
