0 0.802379 0.978492 0.039570 0.041369
0 0.684450 0.983363 0.035995 0.033274
0 0.612267 0.992910 0.059817 0.014179
0 0.442066 0.795719 0.113154 0.115992
0 0.163861 0.614448 0.115777 0.081533
0 0.269912 0.011501 0.061314 0.023002
0 0.399156 0.038641 0.129395 0.077282
0 0.640266 0.703513 0.049233 0.043831
0 0.649529 0.641545 0.053814 0.060144
0 0.771398 0.753427 0.065375 0.065388
0 0.857478 0.819702 0.037816 0.037202
0 0.929568 0.699424 0.050397 0.041209
0 0.938511 0.663956 0.041527 0.036261
0 0.818834 0.642625 0.054973 0.064729
0 0.966940 0.081568 0.066120 0.109067
0 0.882902 0.377773 0.064210 0.068083
0 0.717283 0.478671 0.046978 0.046382
0 0.894549 0.730646 0.082958 0.073699
0 0.420131 0.699458 0.063936 0.060321
