0 0.551894 0.209805 0.067688 0.125370
0 0.718888 0.400109 0.055516 0.049234
0 0.709536 0.520005 0.042156 0.043153
0 0.884990 0.880304 0.052248 0.047492
0 0.290939 0.362385 0.043344 0.039033
0 0.105985 0.165625 0.058186 0.042941
0 0.936944 0.144154 0.048094 0.043895
0 0.799786 0.089707 0.054031 0.080920
0 0.790880 0.013056 0.043345 0.026112
0 0.726458 0.054881 0.042750 0.016016
0 0.719926 0.008613 0.040377 0.017202
0 0.077188 0.306492 0.062345 0.064447
0 0.245517 0.322997 0.039187 0.077706
0 0.240173 0.135553 0.043937 0.082450
