0 0.444425 0.012033 0.092625 0.024066
0 0.513152 0.243518 0.067986 0.043355
0 0.341408 0.597398 0.052844 0.077617
0 0.022117 0.662525 0.044234 0.036822
0 0.111330 0.653963 0.036812 0.058897
0 0.221766 0.545820 0.041564 0.039794
0 0.269416 0.767351 0.041859 0.040980
0 0.219986 0.805243 0.049875 0.035992
0 0.137751 0.767648 0.081345 0.019006
0 0.035773 0.775666 0.071547 0.018412
0 0.164321 0.970173 0.066795 0.045139
0 0.235127 0.985948 0.040969 0.025611
0 0.515378 0.955622 0.055219 0.054047
0 0.609191 0.884649 0.050470 0.061767
0 0.559612 0.795562 0.041563 0.049889
0 0.664410 0.800046 0.056408 0.055295
0 0.665598 0.597697 0.051658 0.052081
0 0.768020 0.828524 0.060562 0.083742
0 0.164173 0.810113 0.033252 0.037416
0 0.436409 0.159776 0.074219 0.017223
0 0.743677 0.113154 0.026125 0.027320
0 0.736997 0.086724 0.025828 0.027914
0 0.981950 0.037133 0.033606 0.022569
0 0.889740 0.668761 0.096189 0.049294
0 0.195345 0.439509 0.042156 0.043356
0 0.387128 0.383176 0.035031 0.037592
0 0.021078 0.111790 0.040375 0.070920
0 0.795630 0.756257 0.074219 0.040598
0 0.752137 0.780417 0.024047 0.019600
0 0.841200 0.330527 0.022266 0.017819
0 0.838380 0.301721 0.020780 0.017223
0 0.493706 0.757883 0.052250 0.068369
