0 0.236908 0.322402 0.055416 0.058114
0 0.881130 0.033901 0.066500 0.040127
0 0.874896 0.304414 0.076198 0.113462
0 0.975962 0.430331 0.045581 0.063650
0 0.311720 0.666943 0.099750 0.066417
0 0.508451 0.644804 0.096980 0.041511
0 0.493212 0.682855 0.113605 0.037361
0 0.471738 0.718832 0.073428 0.031827
0 0.627598 0.826068 0.055417 0.027673
0 0.632447 0.797012 0.056803 0.027673
0 0.711416 0.633043 0.134384 0.042895
0 0.891224 0.143264 0.092033 0.029066
0 0.868068 0.114199 0.036217 0.018389
0 0.759411 0.685330 0.036219 0.026888
