0 0.908351 0.155879 0.043054 0.044286
0 0.678408 0.243286 0.041977 0.041048
0 0.616954 0.562142 0.057730 0.052039
0 0.711793 0.976059 0.058006 0.047882
0 0.552661 0.810195 0.067888 0.070949
0 0.452765 0.554103 0.072608 0.053362
0 0.382401 0.387782 0.059529 0.055127
0 0.462793 0.387183 0.035032 0.063719
0 0.147955 0.329615 0.020806 0.060269
0 0.126870 0.316830 0.022669 0.033918
0 0.084058 0.458908 0.033048 0.030045
0 0.052495 0.506176 0.021890 0.045232
0 0.032989 0.498183 0.018392 0.032536
0 0.081697 0.619657 0.021393 0.025255
0 0.105985 0.609474 0.032570 0.064194
