0 0.127289 0.846111 0.050780 0.099763
0 0.447133 0.974992 0.076379 0.050015
0 0.491858 0.794905 0.050263 0.080243
0 0.086537 0.536363 0.047123 0.043178
0 0.896241 0.867973 0.048570 0.058077
0 0.891325 0.698913 0.067283 0.041101
0 0.645239 0.652503 0.040364 0.033719
0 0.430308 0.240746 0.107923 0.076011
0 0.181184 0.226317 0.092633 0.036550
0 0.161294 0.025570 0.069625 0.047930
0 0.138420 0.317120 0.026893 0.072660
0 0.542531 0.076830 0.058275 0.098282
0 0.443107 0.395214 0.121439 0.039339
0 0.686871 0.532638 0.041258 0.035897
