0 0.476468 0.642393 0.137626 0.138337
0 0.078847 0.826962 0.049637 0.045875
0 0.514341 0.473906 0.088408 0.081802
0 0.349060 0.354807 0.051160 0.047103
0 0.591493 0.109483 0.072147 0.052580
0 0.426996 0.249571 0.057178 0.052110
0 0.974445 0.095379 0.051109 0.055342
0 0.894441 0.189653 0.058184 0.065975
0 0.685899 0.084175 0.069387 0.049739
0 0.155527 0.008297 0.053585 0.016594
0 0.556376 0.626160 0.020010 0.018628
0 0.584102 0.584954 0.039929 0.039499
0 0.562627 0.556412 0.036275 0.031773
0 0.608313 0.558124 0.021976 0.019634
0 0.534234 0.531532 0.021341 0.021258
0 0.673151 0.423889 0.036735 0.016562
0 0.185199 0.251003 0.063742 0.020639
0 0.552835 0.284851 0.020062 0.019218
0 0.560118 0.307850 0.017666 0.018625
0 0.562672 0.332309 0.016498 0.015927
0 0.193423 0.272204 0.033816 0.018655
0 0.557114 0.027025 0.049757 0.053078
