0 0.841559 0.260792 0.050641 0.054260
0 0.861558 0.160206 0.048011 0.059880
0 0.383363 0.157549 0.083342 0.078265
0 0.267283 0.274000 0.018042 0.074767
0 0.264278 0.081918 0.040627 0.056137
0 0.157099 0.102719 0.036576 0.040112
0 0.703947 0.848864 0.040604 0.065828
0 0.617366 0.786389 0.058455 0.051492
0 0.428977 0.758777 0.037138 0.037907
0 0.484618 0.991587 0.046254 0.016825
0 0.429411 0.989409 0.064118 0.021183
0 0.707487 0.064297 0.050325 0.062321
0 0.645986 0.056670 0.045131 0.054538
0 0.679972 0.210718 0.042317 0.043690
0 0.587990 0.130878 0.039563 0.042017
0 0.459150 0.298291 0.020832 0.023858
0 0.483831 0.133787 0.037732 0.041551
0 0.131328 0.162584 0.029492 0.037419
0 0.126813 0.294204 0.019157 0.035563
0 0.089238 0.288388 0.018300 0.033793
0 0.425527 0.870055 0.062427 0.077082
0 0.273755 0.697001 0.058413 0.043531
