0 0.633112 0.213778 0.118973 0.102594
0 0.656896 0.319222 0.088852 0.073904
0 0.428271 0.422111 0.099013 0.055940
0 0.378055 0.289663 0.102336 0.059678
0 0.197195 0.216614 0.082494 0.101207
0 0.218923 0.310461 0.077619 0.065544
0 0.395672 0.101701 0.031765 0.042437
0 0.667937 0.017320 0.071751 0.034639
0 0.748760 0.065350 0.072205 0.076683
0 0.625329 0.076979 0.051671 0.047950
0 0.760400 0.579712 0.085800 0.066048
0 0.465174 0.502097 0.079966 0.075784
0 0.141822 0.494544 0.071505 0.052182
0 0.161154 0.624351 0.080304 0.047136
0 0.528358 0.905044 0.054640 0.048706
0 0.557157 0.983086 0.054284 0.033829
0 0.404964 0.659640 0.067023 0.030500
0 0.409526 0.683098 0.062958 0.029637
0 0.661037 0.607528 0.086396 0.045983
0 0.466678 0.665101 0.054301 0.052123
0 0.555452 0.637016 0.069012 0.029053
0 0.616291 0.489057 0.050642 0.073372
0 0.950921 0.278841 0.029108 0.039091
0 0.024487 0.594779 0.041068 0.059256
