0 0.140186 0.229984 0.124322 0.140088
0 0.796187 0.831445 0.090986 0.131495
0 0.946019 0.816085 0.068714 0.072706
0 0.946376 0.569739 0.054410 0.075571
0 0.884322 0.717151 0.065227 0.068050
0 0.709435 0.848835 0.069565 0.081052
0 0.813032 0.077347 0.103677 0.116268
0 0.704830 0.051587 0.063412 0.077491
0 0.636779 0.279892 0.057459 0.085899
0 0.722813 0.318235 0.040765 0.076587
0 0.657648 0.695173 0.026716 0.039340
0 0.637101 0.825623 0.034382 0.073790
0 0.629320 0.683834 0.023753 0.039340
0 0.605414 0.678776 0.022868 0.038871
0 0.582553 0.679890 0.017159 0.021820
0 0.014545 0.378811 0.015423 0.049438
0 0.022582 0.566993 0.041066 0.033925
