0 0.978662 0.192053 0.042676 0.070984
0 0.916434 0.498686 0.053535 0.076328
0 0.858666 0.733199 0.055280 0.075702
0 0.713768 0.740438 0.035843 0.048069
0 0.557551 0.785218 0.033304 0.038612
0 0.816786 0.479641 0.023686 0.038650
0 0.919804 0.084863 0.015719 0.053657
0 0.892621 0.071328 0.018031 0.073953
0 0.511800 0.128956 0.038704 0.047110
0 0.681449 0.127292 0.073382 0.063454
0 0.681657 0.066906 0.059680 0.067121
0 0.773321 0.285702 0.034769 0.054620
0 0.847485 0.897177 0.016619 0.037849
0 0.763961 0.977059 0.015144 0.022352
0 0.740628 0.980238 0.017279 0.021185
0 0.715072 0.982802 0.018524 0.018811
