0 0.154213 0.550521 0.082091 0.092464
0 0.224123 0.644638 0.050475 0.108325
0 0.369680 0.678957 0.034691 0.076265
0 0.137578 0.813090 0.062009 0.075037
0 0.120166 0.967941 0.041842 0.064119
0 0.079257 0.987320 0.032990 0.025361
0 0.360734 0.920817 0.056011 0.067814
0 0.442585 0.808410 0.058070 0.066943
0 0.559652 0.809195 0.035706 0.041175
0 0.533937 0.912197 0.041703 0.059558
0 0.685228 0.656148 0.035526 0.054848
0 0.260563 0.290347 0.043121 0.063577
0 0.331658 0.091748 0.027799 0.037663
0 0.573932 0.027244 0.045198 0.054488
0 0.777947 0.541304 0.017283 0.040805
0 0.749368 0.541719 0.016254 0.042683
0 0.864161 0.911975 0.018942 0.039083
0 0.584323 0.161779 0.038072 0.036979
0 0.230668 0.029655 0.034966 0.016233
