0 0.885013 0.044639 0.076357 0.043557
0 0.900170 0.011232 0.056546 0.022465
0 0.947218 0.013821 0.024293 0.026507
0 0.123163 0.932877 0.052901 0.070483
0 0.186938 0.480019 0.078281 0.033843
0 0.255582 0.295139 0.040848 0.057256
0 0.005582 0.059429 0.011165 0.038978
0 0.008698 0.259941 0.017396 0.042242
0 0.205771 0.102135 0.040367 0.051032
0 0.439738 0.142465 0.048520 0.046067
0 0.470337 0.133595 0.032030 0.032957
0 0.407106 0.678011 0.061283 0.052808
0 0.969402 0.454419 0.055086 0.064632
0 0.061170 0.646315 0.044726 0.059724
