0 0.393594 0.716794 0.044082 0.058750
0 0.064664 0.772123 0.044519 0.047089
0 0.081878 0.903153 0.045204 0.056893
0 0.061894 0.627249 0.062919 0.091255
0 0.042630 0.471452 0.064763 0.088468
0 0.120790 0.317161 0.062355 0.094112
0 0.688827 0.858067 0.055226 0.045303
0 0.802037 0.906333 0.042970 0.041039
0 0.974207 0.862598 0.045113 0.059061
0 0.794068 0.723607 0.035572 0.056410
0 0.981200 0.728302 0.022235 0.056960
0 0.909559 0.641928 0.043613 0.038801
0 0.594969 0.373941 0.074130 0.103915
0 0.609275 0.237650 0.066278 0.078219
0 0.777224 0.137902 0.063654 0.055484
0 0.652059 0.073036 0.045315 0.075810
0 0.794228 0.020446 0.067391 0.040892
0 0.279940 0.065011 0.064724 0.055580
0 0.300089 0.247992 0.086419 0.048676
0 0.305627 0.187232 0.065183 0.044858
0 0.244543 0.171233 0.047741 0.032610
0 0.167221 0.180460 0.060271 0.061952
0 0.183570 0.065142 0.082375 0.046113
0 0.445203 0.385363 0.023900 0.055240
0 0.853773 0.503838 0.040598 0.019773
