0 0.605926 0.478409 0.110439 0.052792
0 0.746052 0.518744 0.077187 0.087197
0 0.851443 0.452098 0.124095 0.081687
0 0.645113 0.347860 0.091439 0.052892
0 0.626113 0.426209 0.090250 0.049233
0 0.769802 0.152587 0.077187 0.094652
0 0.926849 0.100539 0.107470 0.056384
0 0.912452 0.023437 0.098859 0.046873
0 0.443088 0.112123 0.091736 0.021355
0 0.407019 0.148602 0.053438 0.019573
0 0.930709 0.574868 0.067688 0.060367
0 0.499644 0.938137 0.076000 0.039708
0 0.310830 0.841757 0.040375 0.021295
0 0.064125 0.943754 0.023156 0.023727
0 0.092328 0.924773 0.023750 0.030845
0 0.122165 0.907274 0.023455 0.026692
0 0.153337 0.890962 0.043048 0.036777
0 0.172486 0.801688 0.022562 0.030252
0 0.144430 0.802579 0.025234 0.027286
0 0.153040 0.768768 0.024642 0.023727
0 0.117562 0.760166 0.023156 0.024320
0 0.132705 0.738812 0.024938 0.025508
0 0.097227 0.722500 0.023453 0.024912
0 0.112814 0.706780 0.020781 0.023133
0 0.075852 0.693731 0.027017 0.025506
0 0.091438 0.672673 0.024344 0.023728
0 0.065312 0.654284 0.021969 0.023728
0 0.087281 0.642718 0.025531 0.027880
