0 0.077222 0.268066 0.119657 0.057751
0 0.082141 0.978782 0.115057 0.042437
0 0.458649 0.875812 0.137455 0.048365
0 0.412880 0.775603 0.058307 0.049623
0 0.431423 0.574750 0.084798 0.038143
0 0.345396 0.335127 0.093655 0.048495
0 0.467117 0.312482 0.081880 0.054420
0 0.788198 0.173614 0.055756 0.050062
0 0.967951 0.695795 0.051430 0.030988
0 0.799207 0.331385 0.079116 0.062869
0 0.616187 0.278945 0.042049 0.048534
0 0.640426 0.585494 0.099893 0.089713
0 0.821902 0.790935 0.053116 0.015736
0 0.821838 0.818987 0.051739 0.016558
0 0.825524 0.852088 0.057259 0.023187
0 0.620821 0.914452 0.040720 0.011873
