0 0.702013 0.940159 0.064932 0.074563
0 0.463656 0.937880 0.070192 0.072823
0 0.338734 0.906979 0.077331 0.064043
0 0.945481 0.785783 0.052918 0.086343
0 0.760065 0.587770 0.058141 0.040943
0 0.628841 0.602005 0.067079 0.089009
0 0.512165 0.618328 0.058849 0.055570
0 0.501487 0.492760 0.072100 0.046697
0 0.809528 0.453209 0.067158 0.043693
0 0.792450 0.299085 0.046856 0.068248
0 0.915156 0.299913 0.049557 0.034407
0 0.807524 0.139643 0.060211 0.039734
0 0.524843 0.297060 0.040317 0.056532
0 0.606141 0.119485 0.026693 0.022412
0 0.604657 0.147656 0.049839 0.032244
