0 0.034635 0.687863 0.063730 0.051261
0 0.794541 0.397617 0.117761 0.108063
0 0.614437 0.028402 0.067886 0.056803
0 0.924079 0.054725 0.055417 0.056803
0 0.849959 0.103214 0.056802 0.048491
0 0.815323 0.018011 0.037406 0.033250
0 0.807010 0.043641 0.040177 0.034636
0 0.800084 0.076198 0.056802 0.041563
0 0.715573 0.941397 0.112220 0.026325
0 0.684400 0.526462 0.055416 0.063730
0 0.090745 0.589498 0.062344 0.031866
0 0.087281 0.557633 0.058187 0.031866
0 0.099059 0.990510 0.056802 0.016486
0 0.707458 0.359434 0.119937 0.135800
0 0.860201 0.474848 0.113705 0.111656
0 0.797709 0.543814 0.105689 0.059247
0 0.869255 0.962905 0.026717 0.051983
