0 0.422310 0.577423 0.075991 0.057155
0 0.547160 0.536236 0.036366 0.046014
0 0.531078 0.254332 0.063382 0.072307
0 0.863400 0.318706 0.069290 0.100545
0 0.928316 0.543091 0.040890 0.055291
0 0.963398 0.365626 0.063775 0.110288
0 0.785669 0.034264 0.046725 0.068529
0 0.871764 0.043692 0.036303 0.026744
0 0.812038 0.101337 0.032753 0.037128
0 0.639567 0.770031 0.050768 0.116212
0 0.043409 0.330089 0.034463 0.036786
0 0.122978 0.911443 0.035368 0.054922
0 0.434942 0.880540 0.072804 0.031036
0 0.436168 0.961037 0.041394 0.042375
0 0.623026 0.915796 0.063265 0.046551
0 0.977139 0.769348 0.045722 0.096780
