0 0.849339 0.467612 0.083557 0.096567
0 0.782234 0.370026 0.053933 0.110763
0 0.640515 0.328123 0.036005 0.077948
0 0.878795 0.206307 0.061112 0.078180
0 0.902269 0.048563 0.041631 0.071743
0 0.945709 0.033279 0.031755 0.028067
0 0.661761 0.087048 0.053710 0.070652
0 0.573401 0.196415 0.054637 0.067096
0 0.456052 0.187752 0.036692 0.042219
0 0.488668 0.087045 0.040936 0.058297
0 0.322404 0.333827 0.034447 0.054124
0 0.728136 0.721897 0.039734 0.065747
0 0.646407 0.916406 0.026709 0.036474
0 0.401389 0.971011 0.042462 0.057978
0 0.224072 0.444206 0.016171 0.041654
0 0.253736 0.445288 0.015155 0.043475
0 0.157976 0.069553 0.020780 0.039894
0 0.397737 0.834259 0.036793 0.037091
0 0.744386 0.983716 0.034330 0.014736
