0 0.109313 0.819133 0.064583 0.065833
0 0.283523 0.938453 0.069188 0.062733
0 0.527109 0.403121 0.082918 0.076196
0 0.438980 0.223363 0.068453 0.060347
0 0.511593 0.283087 0.088557 0.079433
0 0.600787 0.195816 0.049180 0.049071
0 0.582796 0.087238 0.047643 0.047304
0 0.718235 0.237027 0.048773 0.051209
0 0.809362 0.124821 0.063267 0.070877
0 0.821473 0.430257 0.052284 0.053751
0 0.765617 0.661517 0.040573 0.044132
0 0.067321 0.609369 0.049955 0.054705
0 0.151938 0.197378 0.068431 0.057490
0 0.287767 0.385670 0.066737 0.060632
0 0.242434 0.359316 0.058768 0.057233
0 0.840159 0.159944 0.056362 0.059128
0 0.271420 0.206899 0.066235 0.063639
0 0.421029 0.105724 0.055446 0.065558
0 0.375927 0.064941 0.049085 0.048694
0 0.064065 0.227083 0.063326 0.071628
0 0.806045 0.263765 0.034178 0.037855
0 0.842055 0.213027 0.020738 0.021529
0 0.822547 0.290045 0.026356 0.029450
0 0.836432 0.268651 0.022508 0.024207
