0 0.825317 0.712964 0.055272 0.058262
0 0.677960 0.734716 0.048034 0.052388
0 0.956165 0.354851 0.032139 0.052951
0 0.817901 0.413335 0.060486 0.093128
0 0.776838 0.335754 0.058422 0.057682
0 0.685461 0.493514 0.066245 0.055809
0 0.551223 0.351554 0.056822 0.044440
0 0.062493 0.020534 0.059148 0.041069
0 0.051484 0.071297 0.052868 0.106024
0 0.130797 0.342929 0.064497 0.066036
0 0.253152 0.569852 0.064312 0.072137
0 0.527163 0.479277 0.033955 0.042004
0 0.145782 0.051479 0.104754 0.102958
0 0.759233 0.897583 0.111221 0.112344
