0 0.546016 0.112570 0.077326 0.026861
0 0.542197 0.365536 0.046754 0.064863
0 0.459938 0.349867 0.082733 0.019088
0 0.458521 0.372383 0.074791 0.015529
0 0.374709 0.419226 0.041164 0.032303
0 0.352630 0.559489 0.086103 0.035308
0 0.268367 0.590402 0.081992 0.065618
0 0.128247 0.667414 0.080645 0.053581
0 0.042855 0.578714 0.059980 0.040447
0 0.179095 0.396033 0.062353 0.037919
0 0.244786 0.783661 0.065209 0.076432
0 0.177574 0.824984 0.076930 0.018911
0 0.179231 0.848640 0.074403 0.016716
0 0.182270 0.872145 0.065836 0.018320
0 0.389841 0.860622 0.042509 0.048204
0 0.828705 0.893761 0.043838 0.039859
0 0.969624 0.928876 0.046561 0.042329
0 0.264904 0.951280 0.039099 0.058216
0 0.320294 0.405676 0.039276 0.030255
