0 0.765289 0.695584 0.060153 0.055108
0 0.320782 0.427525 0.102807 0.053692
0 0.284459 0.487511 0.055337 0.040681
0 0.124400 0.277112 0.084443 0.049103
0 0.201944 0.195430 0.103937 0.076552
0 0.139890 0.067461 0.075853 0.086798
0 0.074584 0.834836 0.042609 0.020507
0 0.062683 0.861909 0.038488 0.023182
0 0.059793 0.887076 0.040538 0.020934
0 0.043765 0.706520 0.037962 0.041215
0 0.103263 0.582032 0.070130 0.033024
0 0.013343 0.503808 0.026685 0.079983
0 0.008164 0.652204 0.016328 0.044043
0 0.620578 0.435680 0.039807 0.041915
0 0.601763 0.360683 0.053419 0.056549
0 0.798146 0.341979 0.053598 0.035264
