0 0.220220 0.803657 0.040970 0.046052
0 0.331150 0.963005 0.057746 0.073991
0 0.305836 0.770836 0.041816 0.046728
0 0.152441 0.264719 0.044962 0.042934
0 0.774850 0.203193 0.052717 0.058162
0 0.723095 0.299333 0.065669 0.075894
0 0.303821 0.286420 0.041940 0.053244
0 0.465723 0.305789 0.036975 0.042484
0 0.769664 0.316992 0.046272 0.074462
0 0.493120 0.518718 0.029095 0.058838
0 0.742991 0.446231 0.035266 0.058136
0 0.720647 0.505013 0.024806 0.059204
0 0.853287 0.615197 0.038815 0.041472
0 0.815948 0.348517 0.034883 0.040576
0 0.805003 0.325772 0.035221 0.038861
0 0.647841 0.756200 0.021044 0.040912
