0 0.332203 0.959712 0.075468 0.078198
0 0.810721 0.253639 0.057356 0.039164
0 0.739993 0.301099 0.038407 0.075125
0 0.260902 0.130833 0.033368 0.072812
0 0.094623 0.101482 0.026972 0.117421
0 0.190006 0.690380 0.036914 0.038971
0 0.690392 0.832297 0.055240 0.066755
0 0.868309 0.212508 0.040775 0.045652
0 0.819236 0.443086 0.019205 0.075464
0 0.928923 0.396231 0.016785 0.047936
0 0.210941 0.107963 0.038987 0.059348
0 0.478862 0.634826 0.093930 0.049143
0 0.341196 0.632977 0.045981 0.081000
0 0.340154 0.833965 0.045710 0.048599
0 0.252735 0.977975 0.041218 0.044050
0 0.194677 0.978303 0.041525 0.043393
