0 0.130075 0.114933 0.045337 0.046901
0 0.349489 0.226092 0.038996 0.037615
0 0.377397 0.549332 0.055615 0.047190
0 0.239516 0.954800 0.054441 0.050043
0 0.414887 0.803151 0.064154 0.066886
0 0.541303 0.558670 0.069955 0.047143
0 0.626845 0.402575 0.057120 0.057276
0 0.550210 0.391590 0.038674 0.060506
0 0.867418 0.367170 0.016827 0.059079
0 0.890307 0.356126 0.019149 0.034682
0 0.917705 0.502355 0.034622 0.027031
0 0.945508 0.553172 0.019657 0.043822
0 0.964997 0.547115 0.016442 0.031124
0 0.903305 0.662938 0.020193 0.024871
0 0.880190 0.649666 0.027900 0.064451
