0 0.417601 0.606680 0.075163 0.080612
0 0.560968 0.575934 0.070015 0.104829
0 0.615501 0.515601 0.041566 0.039054
0 0.599919 0.453179 0.041402 0.034759
0 0.439683 0.246371 0.051214 0.058108
0 0.496729 0.696285 0.059804 0.050606
0 0.583886 0.891506 0.053045 0.049792
0 0.405263 0.828398 0.065401 0.065436
0 0.322244 0.804570 0.071133 0.057158
0 0.289794 0.885757 0.075714 0.083602
0 0.298432 0.990732 0.037043 0.018536
0 0.310931 0.640352 0.051383 0.063704
0 0.415460 0.716046 0.043030 0.048329
0 0.197850 0.573019 0.076783 0.069004
0 0.132560 0.605249 0.055047 0.055327
0 0.029193 0.431380 0.058387 0.070727
