0 0.877866 0.126517 0.093812 0.080178
0 0.878161 0.031490 0.048094 0.051670
0 0.356104 0.157104 0.070955 0.064142
0 0.831848 0.441292 0.065906 0.082553
0 0.676879 0.414863 0.068283 0.076022
0 0.667230 0.677372 0.051952 0.046325
0 0.248931 0.792295 0.084609 0.089681
0 0.026273 0.441369 0.052547 0.074394
0 0.137305 0.237282 0.050173 0.059392
0 0.210486 0.226591 0.061750 0.023758
0 0.126619 0.803282 0.075109 0.051077
0 0.100344 0.915235 0.068281 0.057611
0 0.031914 0.662433 0.063828 0.059575
0 0.819825 0.595709 0.043641 0.044544
0 0.891670 0.557698 0.059078 0.064737
0 0.981356 0.599273 0.034794 0.056422
0 0.874896 0.512858 0.033252 0.045137
0 0.974231 0.199568 0.049044 0.068302
0 0.357143 0.274698 0.033252 0.040387
