0 0.699255 0.142842 0.044892 0.035370
0 0.889398 0.188923 0.090677 0.061582
0 0.694547 0.234007 0.045256 0.040804
0 0.170011 0.241578 0.052370 0.053098
0 0.301513 0.852608 0.056661 0.054296
0 0.377857 0.773999 0.074628 0.079630
0 0.236277 0.379635 0.060843 0.050115
0 0.304919 0.527880 0.048590 0.047365
0 0.408245 0.813361 0.066319 0.060879
0 0.514484 0.486739 0.055607 0.042163
0 0.524215 0.748113 0.053188 0.046539
0 0.572873 0.707661 0.058553 0.038352
0 0.718678 0.799973 0.040586 0.040979
0 0.453855 0.847907 0.034960 0.040114
0 0.427914 0.843993 0.034124 0.039585
0 0.787542 0.562982 0.039933 0.026426
