0 0.067835 0.651529 0.078003 0.121455
0 0.137621 0.726781 0.058230 0.047775
0 0.190383 0.695075 0.056853 0.095932
0 0.477600 0.970177 0.057941 0.059646
0 0.462205 0.822842 0.034836 0.047638
0 0.470496 0.719252 0.072426 0.050165
0 0.537705 0.600960 0.119356 0.113251
0 0.856645 0.876319 0.097556 0.100850
0 0.518324 0.381679 0.101612 0.149513
0 0.565290 0.228294 0.044469 0.063229
0 0.611787 0.241878 0.042296 0.072294
0 0.685007 0.075252 0.109509 0.078872
0 0.505930 0.062905 0.066848 0.070910
0 0.368104 0.153442 0.062648 0.063076
0 0.431118 0.223578 0.047872 0.083759
0 0.399475 0.502381 0.053089 0.033927
0 0.569462 0.538696 0.045122 0.037194
0 0.523870 0.534939 0.044180 0.037339
0 0.444229 0.531608 0.035393 0.062773
0 0.419048 0.532749 0.026948 0.054166
0 0.483054 0.521497 0.038033 0.032873
0 0.470186 0.561621 0.033964 0.059550
