0 0.973105 0.189306 0.041908 0.040230
0 0.981590 0.306787 0.036820 0.036563
0 0.991653 0.378823 0.016695 0.060315
0 0.796710 0.552775 0.115693 0.112368
0 0.620162 0.834037 0.080241 0.115502
0 0.013322 0.738316 0.026644 0.061823
0 0.039274 0.609012 0.078547 0.128860
0 0.701036 0.356240 0.043550 0.048980
0 0.638924 0.347987 0.059972 0.053420
0 0.748642 0.224270 0.065317 0.064820
0 0.813396 0.137107 0.036819 0.037675
0 0.691841 0.067117 0.040878 0.050217
0 0.655947 0.058384 0.036192 0.041534
0 0.637103 0.178794 0.064415 0.054192
0 0.073594 0.038140 0.108851 0.068813
0 0.107636 0.005899 0.055842 0.011798
0 0.371094 0.119230 0.068038 0.063581
0 0.474874 0.283195 0.046175 0.046553
0 0.723766 0.101523 0.073004 0.082814
0 0.700741 0.576393 0.060222 0.063544
