0 0.103842 0.669813 0.109823 0.197976
0 0.043479 0.696004 0.086958 0.188759
0 0.012187 0.767336 0.024373 0.075463
0 0.286807 0.764705 0.051751 0.079653
0 0.338663 0.756575 0.033492 0.083219
0 0.594780 0.497389 0.301965 0.199171
0 0.465163 0.713855 0.183157 0.130953
0 0.354494 0.839591 0.050771 0.072538
0 0.408365 0.824575 0.061866 0.067876
0 0.458370 0.811051 0.062587 0.075681
0 0.510970 0.795929 0.061103 0.074055
0 0.586155 0.712000 0.112249 0.201150
0 0.700293 0.680559 0.213326 0.217945
0 0.892098 0.924939 0.037980 0.051493
