0 0.490805 0.123418 0.062683 0.049503
0 0.876852 0.026515 0.057464 0.053030
0 0.897878 0.106171 0.125235 0.133874
0 0.155561 0.905893 0.046617 0.043811
0 0.270878 0.981283 0.044712 0.037433
0 0.253363 0.925447 0.036704 0.036377
0 0.882008 0.509048 0.035920 0.038138
0 0.906572 0.522945 0.034708 0.035924
0 0.941434 0.402283 0.042495 0.059278
0 0.873445 0.901822 0.038130 0.037391
0 0.989537 0.635459 0.020925 0.038684
0 0.168312 0.776006 0.028090 0.057913
0 0.027020 0.700884 0.026816 0.075510
0 0.277582 0.042139 0.018044 0.047885
