0 0.919469 0.092215 0.103334 0.112074
0 0.751897 0.356078 0.082809 0.031735
0 0.801918 0.440902 0.083775 0.050983
0 0.608294 0.719326 0.081868 0.096071
0 0.970567 0.760988 0.058865 0.055781
0 0.380135 0.976457 0.068505 0.047086
0 0.531967 0.979512 0.060733 0.040975
0 0.395369 0.598099 0.076230 0.060492
0 0.249256 0.548384 0.053772 0.050242
0 0.133117 0.553905 0.048330 0.053134
0 0.335197 0.702056 0.052667 0.053774
0 0.240221 0.872217 0.056703 0.064307
0 0.535546 0.538287 0.092903 0.086454
0 0.484207 0.589096 0.092458 0.086717
0 0.334734 0.112595 0.044708 0.041658
0 0.422687 0.114301 0.048984 0.047495
0 0.526544 0.855662 0.058632 0.065841
0 0.062570 0.695930 0.056675 0.046830
