0 0.088822 0.849517 0.101953 0.092929
0 0.295773 0.922702 0.066247 0.056559
0 0.505115 0.621080 0.043204 0.045626
0 0.426384 0.658504 0.056419 0.052741
0 0.322839 0.394065 0.057203 0.062830
0 0.236960 0.375447 0.065113 0.059583
0 0.734552 0.399134 0.045696 0.047759
0 0.882071 0.247880 0.048401 0.044119
0 0.968008 0.841967 0.054432 0.052370
0 0.608096 0.043529 0.062673 0.062472
0 0.609592 0.108919 0.048657 0.046433
0 0.697136 0.168542 0.053467 0.052017
0 0.130763 0.426013 0.062022 0.061721
0 0.584876 0.915544 0.046652 0.043667
0 0.426401 0.334804 0.045208 0.052769
0 0.485672 0.350927 0.045063 0.056783
0 0.764669 0.347905 0.031799 0.033123
0 0.767493 0.371040 0.052563 0.050382
