0 0.476468 0.357607 0.137626 0.138337
0 0.078847 0.173038 0.049637 0.045875
0 0.514341 0.526094 0.088408 0.081802
0 0.349060 0.645193 0.051160 0.047103
0 0.591493 0.890517 0.072147 0.052580
0 0.426996 0.750429 0.057178 0.052110
0 0.974445 0.904621 0.051109 0.055342
0 0.894441 0.810347 0.058184 0.065975
0 0.685899 0.915825 0.069387 0.049739
0 0.155527 0.991703 0.053585 0.016594
0 0.556376 0.373840 0.020010 0.018628
0 0.584102 0.415046 0.039929 0.039499
0 0.562627 0.443588 0.036275 0.031773
0 0.608313 0.441876 0.021976 0.019634
0 0.534234 0.468468 0.021341 0.021258
0 0.673151 0.576111 0.036735 0.016562
0 0.185199 0.748997 0.063742 0.020639
0 0.552835 0.715149 0.020062 0.019218
0 0.560118 0.692150 0.017666 0.018625
0 0.562672 0.667691 0.016498 0.015927
0 0.193423 0.727796 0.033816 0.018655
0 0.557114 0.972975 0.049757 0.053078
