0 0.967047 0.276728 0.039187 0.036184
0 0.817420 0.068227 0.085500 0.023727
0 0.974914 0.104708 0.046016 0.019575
0 0.621482 0.112420 0.067686 0.021948
0 0.372996 0.033823 0.093220 0.018981
0 0.354293 0.014249 0.051061 0.017795
0 0.614951 0.240212 0.062939 0.036848
0 0.362902 0.452605 0.040969 0.075925
0 0.121542 0.350579 0.053437 0.035592
0 0.069587 0.328039 0.042156 0.067622
0 0.699561 0.024172 0.042156 0.048319
0 0.343308 0.070587 0.031469 0.024942
0 0.219214 0.040348 0.038594 0.045081
0 0.167260 0.473367 0.060564 0.035591
0 0.334995 0.750972 0.052844 0.041522
0 0.302933 0.895411 0.059969 0.037369
0 0.420794 0.931890 0.058187 0.040336
0 0.500802 0.795640 0.061453 0.040695
0 0.758342 0.709747 0.077781 0.023134
0 0.660818 0.649243 0.044236 0.034995
0 0.763092 0.805248 0.125281 0.021948
0 0.714108 0.820373 0.030875 0.015422
0 0.052072 0.785377 0.039187 0.021353
0 0.055932 0.806731 0.040970 0.022541
0 0.061276 0.830192 0.036220 0.019513
0 0.328464 0.794607 0.059969 0.030180
0 0.143806 0.668859 0.081344 0.132362
0 0.107439 0.457135 0.035922 0.013480
0 0.112783 0.484636 0.043047 0.018981
0 0.277699 0.072973 0.039189 0.015423
0 0.274730 0.095940 0.016625 0.016942
0 0.268198 0.152162 0.019000 0.016014
0 0.201847 0.184193 0.018109 0.018389
0 0.224261 0.160735 0.013062 0.009545
