0 0.719602 0.726175 0.096711 0.090031
0 0.707536 0.620734 0.075498 0.065036
0 0.459398 0.596975 0.103105 0.043338
0 0.452511 0.738146 0.095824 0.040307
0 0.303236 0.865741 0.059739 0.094097
0 0.294489 0.771464 0.065777 0.057322
0 0.528733 0.911914 0.035132 0.035535
0 0.817710 0.905550 0.062052 0.042811
0 0.876482 0.828883 0.055470 0.069278
0 0.755645 0.859188 0.041542 0.041457
0 0.720422 0.338584 0.076815 0.053175
0 0.467799 0.508559 0.065402 0.068521
0 0.161821 0.619748 0.062746 0.041633
0 0.139048 0.495055 0.076469 0.040432
0 0.266112 0.034334 0.046360 0.021921
0 0.395608 0.108094 0.047933 0.036479
0 0.395464 0.021265 0.048140 0.027767
0 0.958375 0.248559 0.036472 0.060746
0 0.359781 0.382868 0.067795 0.017537
0 0.355138 0.357039 0.067689 0.017029
0 0.616666 0.345796 0.076913 0.045210
0 0.414563 0.354225 0.037902 0.056712
0 0.509388 0.354358 0.068475 0.018932
0 0.613770 0.472040 0.048457 0.061634
0 0.991737 0.563432 0.016526 0.035779
0 0.017088 0.567483 0.029407 0.064823
0 0.049384 0.791939 0.037832 0.047418
