0 0.387426 0.147611 0.053631 0.059084
0 0.786381 0.193059 0.064324 0.101806
0 0.707592 0.020759 0.043015 0.041519
0 0.589373 0.045830 0.053559 0.050608
0 0.682955 0.659789 0.062794 0.086625
0 0.317685 0.959620 0.053041 0.080760
0 0.374737 0.628567 0.040622 0.054829
0 0.484947 0.638293 0.040641 0.041478
0 0.032165 0.653171 0.040584 0.043406
0 0.638481 0.238907 0.054203 0.024122
0 0.641907 0.265268 0.062257 0.025674
0 0.787589 0.089111 0.040256 0.040574
0 0.994456 0.731509 0.011088 0.045046
0 0.936272 0.542146 0.061246 0.047909
0 0.719945 0.581036 0.041949 0.047098
0 0.487386 0.521007 0.039135 0.039587
