0 0.338514 0.055357 0.049451 0.047812
0 0.671278 0.172560 0.075320 0.066834
0 0.615876 0.243867 0.057536 0.049792
0 0.549889 0.387942 0.047192 0.042140
0 0.446077 0.030215 0.041927 0.035941
0 0.434167 0.836607 0.043554 0.037809
0 0.422757 0.775889 0.047439 0.039610
0 0.734050 0.770483 0.044270 0.032495
0 0.845501 0.538557 0.031858 0.041735
0 0.834314 0.455484 0.040414 0.034386
0 0.136485 0.871785 0.061491 0.035592
0 0.103251 0.915106 0.039423 0.026029
0 0.896443 0.288915 0.038938 0.043801
0 0.925834 0.460227 0.046722 0.043681
