0 0.435964 0.059701 0.056109 0.039198
0 0.899388 0.531270 0.070955 0.042762
0 0.916161 0.631700 0.065906 0.039081
0 0.092329 0.357794 0.045127 0.041678
0 0.161648 0.317757 0.027609 0.038605
0 0.892263 0.568390 0.038891 0.027914
0 0.663372 0.414566 0.037109 0.020788
0 0.663816 0.437134 0.036220 0.019600
0 0.667231 0.458892 0.019891 0.017656
0 0.738926 0.747645 0.053439 0.019812
0 0.756739 0.808925 0.058188 0.018412
0 0.985216 0.720134 0.027075 0.023756
0 0.950748 0.806846 0.056109 0.036820
0 0.956537 0.724291 0.014845 0.017817
0 0.933084 0.706177 0.020188 0.014848
0 0.959209 0.768835 0.021375 0.019005
0 0.260064 0.038617 0.019594 0.020787
0 0.247150 0.022582 0.022266 0.021973
0 0.231267 0.051075 0.022563 0.023131
0 0.202618 0.057623 0.022267 0.024352
0 0.245220 0.076330 0.031469 0.022567
