0 0.832491 0.768354 0.045941 0.117614
0 0.862061 0.621101 0.051476 0.080553
0 0.598236 0.495123 0.049484 0.060004
0 0.427775 0.804299 0.050704 0.077083
0 0.405583 0.991077 0.038088 0.017845
0 0.289105 0.793677 0.026264 0.058710
0 0.261094 0.793121 0.029488 0.057099
0 0.164266 0.803019 0.059229 0.094141
0 0.024050 0.332110 0.048101 0.043133
0 0.065021 0.071711 0.034524 0.036900
0 0.007856 0.109967 0.015712 0.036238
0 0.246791 0.333407 0.028700 0.067795
0 0.273843 0.354700 0.024932 0.038030
0 0.526744 0.215537 0.068145 0.036409
0 0.527752 0.190921 0.055704 0.029329
0 0.542751 0.161552 0.065569 0.039771
