0 0.607961 0.512924 0.060002 0.141345
0 0.790677 0.194292 0.051857 0.065891
0 0.796633 0.071125 0.035169 0.060460
0 0.838760 0.082137 0.050636 0.068733
0 0.918588 0.324034 0.045037 0.060450
0 0.870377 0.803698 0.048903 0.066686
0 0.745697 0.968934 0.045496 0.062133
0 0.258721 0.498802 0.037285 0.115559
0 0.421968 0.434376 0.024523 0.066982
0 0.110052 0.387898 0.035690 0.090591
0 0.277813 0.124373 0.051519 0.066965
0 0.079893 0.171604 0.043209 0.044651
0 0.517281 0.167215 0.040124 0.036842
0 0.643369 0.148962 0.037997 0.039955
0 0.991623 0.159894 0.016755 0.038910
0 0.609830 0.796238 0.082970 0.080944
