0 0.676274 0.076079 0.040840 0.044876
0 0.728370 0.251234 0.053908 0.072284
0 0.785043 0.421423 0.064337 0.047459
0 0.869921 0.579459 0.061156 0.050731
0 0.943484 0.621402 0.043992 0.041787
0 0.926523 0.675391 0.030859 0.036276
0 0.901055 0.688587 0.024220 0.039626
0 0.932101 0.847087 0.048919 0.112509
0 0.682814 0.712072 0.042489 0.061527
0 0.671764 0.900124 0.052272 0.070759
0 0.436747 0.794028 0.058594 0.064135
0 0.127896 0.848294 0.085379 0.085287
0 0.362824 0.398953 0.077648 0.075844
0 0.254810 0.464826 0.065030 0.072059
0 0.887801 0.749699 0.048927 0.056291
0 0.302698 0.542278 0.046549 0.051636
0 0.189925 0.561935 0.049949 0.050640
0 0.209744 0.578796 0.048092 0.052492
0 0.017543 0.825546 0.035086 0.058298
0 0.260036 0.639357 0.051279 0.051480
0 0.348614 0.498848 0.041309 0.048712
0 0.184975 0.372441 0.055804 0.054730
0 0.211516 0.329600 0.058666 0.073877
0 0.148699 0.409010 0.046905 0.045401
