0 0.573593 0.418787 0.073376 0.053891
0 0.450465 0.466902 0.037638 0.045774
0 0.481671 0.746818 0.060072 0.070298
0 0.146671 0.701253 0.064150 0.100725
0 0.069894 0.479486 0.043102 0.056994
0 0.044252 0.658406 0.069425 0.112941
0 0.240330 0.973184 0.041295 0.053631
0 0.151939 0.975371 0.036278 0.028121
0 0.209728 0.913722 0.032097 0.036897
0 0.346269 0.237605 0.056082 0.116917
0 0.963911 0.645732 0.034384 0.038440
0 0.853693 0.068575 0.035005 0.055069
0 0.545441 0.116641 0.072034 0.034675
0 0.539620 0.036319 0.042764 0.043664
0 0.355553 0.091350 0.064421 0.049036
0 0.017177 0.255453 0.034353 0.095046
