0 0.391674 0.499130 0.111013 0.068136
0 0.262102 0.565518 0.087540 0.091146
0 0.145744 0.520802 0.127701 0.098030
0 0.328703 0.378826 0.093381 0.065232
0 0.362351 0.451741 0.092327 0.062377
0 0.169181 0.210564 0.087993 0.099710
0 0.029356 0.183168 0.058712 0.058215
0 0.026104 0.103880 0.052207 0.048812
0 0.480544 0.106922 0.091502 0.026294
0 0.523349 0.139355 0.054442 0.021842
0 0.091137 0.655421 0.073461 0.066565
0 0.583607 0.929707 0.075622 0.051610
0 0.750956 0.799213 0.040199 0.026682
0 0.981062 0.839408 0.020031 0.029372
0 0.948411 0.827385 0.019806 0.024502
0 0.915237 0.817830 0.039776 0.031456
0 0.879059 0.733200 0.019766 0.027883
0 0.906467 0.729542 0.022350 0.025199
0 0.892216 0.698716 0.020809 0.023486
0 0.924948 0.682549 0.019463 0.022584
0 0.905953 0.663614 0.020648 0.024679
0 0.937893 0.641135 0.020888 0.022982
0 0.919471 0.628812 0.016778 0.022598
0 0.953047 0.609099 0.023823 0.024131
0 0.934070 0.591431 0.022445 0.021593
0 0.956027 0.568338 0.019528 0.022386
0 0.932311 0.560949 0.023025 0.027821
