0 0.347394 0.903318 0.053842 0.038209
0 0.035584 0.697261 0.042517 0.039893
0 0.269453 0.617138 0.036881 0.038050
0 0.130901 0.557883 0.025856 0.067847
0 0.343303 0.041327 0.059398 0.053081
0 0.394246 0.169694 0.045388 0.073205
0 0.234743 0.430886 0.042375 0.043226
0 0.444439 0.411893 0.018893 0.041090
0 0.438522 0.469894 0.037080 0.060371
0 0.360316 0.522250 0.038811 0.042814
0 0.005867 0.716307 0.011733 0.065976
0 0.328661 0.774233 0.017464 0.040734
0 0.350534 0.773736 0.020245 0.037590
0 0.270715 0.762161 0.018062 0.043722
0 0.300576 0.762862 0.018639 0.034341
