0 0.720931 0.853636 0.052777 0.048764
0 0.820268 0.878914 0.058192 0.045878
0 0.847995 0.402541 0.074151 0.081828
0 0.737896 0.279479 0.075281 0.021822
0 0.930728 0.286559 0.056356 0.037792
0 0.915504 0.179400 0.040329 0.036504
0 0.141340 0.686994 0.067064 0.040343
0 0.208912 0.602374 0.051024 0.056065
0 0.245608 0.415547 0.039174 0.035136
0 0.008874 0.458877 0.017521 0.045437
0 0.013606 0.403819 0.027211 0.064106
0 0.924226 0.730082 0.061030 0.047792
0 0.935267 0.668799 0.053292 0.042929
0 0.779454 0.694903 0.042337 0.040888
0 0.863911 0.607056 0.040804 0.037971
0 0.703531 0.469830 0.023788 0.021145
0 0.866413 0.503040 0.040018 0.035776
0 0.856313 0.149473 0.036759 0.027877
0 0.725045 0.138949 0.036517 0.018978
0 0.732402 0.101102 0.033624 0.019591
0 0.133505 0.405663 0.078554 0.059506
0 0.315110 0.264866 0.046529 0.058277
