0 0.966602 0.918545 0.066797 0.082452
0 0.943297 0.991126 0.048687 0.015258
0 0.447216 0.776966 0.055219 0.082072
0 0.568192 0.721313 0.105391 0.059317
0 0.442169 0.607041 0.049875 0.041102
0 0.653693 0.433623 0.041267 0.042709
0 0.221292 0.394272 0.089063 0.079891
0 0.037822 0.376774 0.054625 0.066245
0 0.225300 0.228384 0.063828 0.084231
0 0.363793 0.044204 0.058186 0.040930
0 0.715592 0.190838 0.075406 0.057298
0 0.776155 0.306487 0.036219 0.020958
0 0.790108 0.342373 0.028500 0.040139
0 0.036041 0.666054 0.048689 0.038152
0 0.261073 0.728174 0.046313 0.059989
0 0.790109 0.680431 0.049877 0.045175
0 0.752108 0.691410 0.034437 0.040827
0 0.577247 0.816552 0.056406 0.027813
0 0.887188 0.375589 0.075406 0.078106
