0 0.005679 0.244736 0.011358 0.067312
0 0.087478 0.542036 0.057685 0.070686
0 0.165919 0.770276 0.059379 0.071236
0 0.312535 0.761621 0.040671 0.047151
0 0.472577 0.790434 0.037158 0.036445
0 0.183959 0.513867 0.024132 0.038913
0 0.039103 0.130987 0.020942 0.054630
0 0.065813 0.114717 0.021274 0.075432
0 0.449217 0.133400 0.042891 0.047347
0 0.280652 0.148116 0.078991 0.069688
0 0.273865 0.088283 0.065017 0.072191
0 0.205775 0.317197 0.040288 0.054190
0 0.195824 0.931354 0.013242 0.036704
0 0.287563 0.995543 0.013693 0.008915
0 0.310980 0.996418 0.015105 0.007164
0 0.336041 0.997090 0.017952 0.005819
