0 0.515351 0.901869 0.044154 0.048022
0 0.670425 0.940974 0.076039 0.077263
0 0.642446 0.589111 0.060980 0.061036
0 0.909879 0.529731 0.047164 0.054234
0 0.686193 0.261446 0.063930 0.072357
0 0.587273 0.382488 0.078328 0.081923
0 0.389945 0.778724 0.023046 0.074152
0 0.108310 0.631161 0.057664 0.056400
0 0.089571 0.695761 0.037940 0.048666
0 0.296728 0.652292 0.045212 0.040086
0 0.319455 0.700662 0.032849 0.043843
0 0.211513 0.676186 0.039834 0.039843
0 0.078991 0.484417 0.048039 0.052675
0 0.042649 0.738818 0.044749 0.048106
