0 0.841864 0.870223 0.060676 0.066657
0 0.653790 0.964021 0.069274 0.059986
0 0.486649 0.400406 0.083991 0.069918
0 0.598903 0.235052 0.066878 0.056204
0 0.518896 0.283808 0.089852 0.073661
0 0.442216 0.184515 0.048139 0.048279
0 0.476054 0.079525 0.045519 0.044602
0 0.320459 0.209543 0.046487 0.049842
0 0.246362 0.085875 0.060519 0.071216
0 0.191772 0.386009 0.051375 0.053054
0 0.214585 0.622598 0.042289 0.043660
0 0.913737 0.668606 0.047671 0.053429
0 0.887351 0.248523 0.065943 0.053653
0 0.726431 0.416102 0.063168 0.055559
0 0.774985 0.396609 0.056588 0.055229
0 0.210390 0.115491 0.052352 0.058361
0 0.767289 0.241603 0.066314 0.060864
0 0.633116 0.120555 0.049112 0.063978
0 0.684176 0.086261 0.046302 0.045664
0 0.969573 0.290399 0.056720 0.069814
0 0.229864 0.223336 0.030031 0.037948
0 0.201294 0.167999 0.019172 0.020256
0 0.209942 0.246904 0.026213 0.028776
0 0.199138 0.224670 0.022447 0.022443
