0 0.042785 0.770393 0.041941 0.046767
0 0.129388 0.162671 0.026765 0.069374
0 0.308926 0.872941 0.019872 0.067892
0 0.509162 0.821944 0.069759 0.074007
0 0.526097 0.425872 0.051031 0.100805
0 0.667838 0.950135 0.055959 0.075974
0 0.726663 0.694326 0.044847 0.051760
0 0.847105 0.773381 0.108070 0.133515
0 0.695637 0.296756 0.035411 0.060948
0 0.589252 0.021512 0.039224 0.030711
0 0.521100 0.240575 0.026664 0.077319
0 0.796697 0.102519 0.037244 0.037586
0 0.747367 0.083961 0.048007 0.050380
0 0.820955 0.321740 0.071280 0.110780
0 0.591287 0.908215 0.021374 0.033568
0 0.950558 0.366534 0.044687 0.094246
