0 0.071696 0.234282 0.104205 0.053455
0 0.550706 0.243511 0.097375 0.050419
0 0.536456 0.307530 0.098563 0.061184
0 0.489550 0.027139 0.048688 0.021034
0 0.557534 0.043611 0.046906 0.024319
0 0.647191 0.011277 0.063533 0.022553
0 0.716364 0.051163 0.067688 0.030570
0 0.723786 0.013352 0.065906 0.020773
0 0.895381 0.010980 0.051656 0.021959
0 0.707458 0.993485 0.073625 0.010539
0 0.985216 0.395073 0.027075 0.023727
0 0.870444 0.368171 0.077781 0.017014
0 0.864654 0.407760 0.065611 0.019695
0 0.872818 0.437480 0.043345 0.019575
0 0.716660 0.381516 0.033845 0.018798
