0 0.013024 0.719974 0.026047 0.033685
0 0.031138 0.686565 0.038482 0.042470
0 0.237619 0.778967 0.043321 0.033182
0 0.290011 0.773158 0.051360 0.033474
0 0.661439 0.338866 0.082728 0.066889
0 0.827741 0.343844 0.071770 0.046334
0 0.342009 0.688236 0.039983 0.019328
0 0.345994 0.711835 0.032915 0.021972
0 0.431013 0.665183 0.038366 0.018592
0 0.433958 0.692867 0.036000 0.020613
0 0.438486 0.719207 0.034226 0.020983
0 0.441183 0.745812 0.035250 0.021406
0 0.444585 0.775705 0.035313 0.023430
0 0.447477 0.797628 0.030987 0.023134
