0 0.055963 0.525430 0.035013 0.054056
0 0.565153 0.104628 0.038599 0.068363
0 0.667392 0.096844 0.043693 0.068347
0 0.320863 0.893860 0.041468 0.048319
0 0.289610 0.821280 0.038384 0.024442
0 0.602512 0.114239 0.024806 0.039272
0 0.429142 0.329656 0.017500 0.038484
0 0.451739 0.330610 0.016607 0.036356
0 0.473365 0.329124 0.018805 0.019674
0 0.767436 0.283421 0.024162 0.054530
0 0.829715 0.270454 0.018318 0.058153
0 0.760995 0.034833 0.024843 0.026868
0 0.845520 0.077791 0.033731 0.053779
0 0.763331 0.064723 0.016973 0.013598
0 0.742311 0.086089 0.014895 0.019930
0 0.807524 0.065170 0.020174 0.021235
0 0.019461 0.698952 0.020657 0.019185
0 0.006634 0.709916 0.013268 0.021616
0 0.029271 0.728507 0.022966 0.022891
0 0.033142 0.757706 0.024362 0.022107
0 0.055892 0.716793 0.023051 0.032154
