0 0.420819 0.776210 0.069578 0.057235
0 0.270854 0.724484 0.074612 0.051724
0 0.331068 0.281899 0.059265 0.049836
0 0.797144 0.534407 0.151312 0.137792
0 0.017219 0.788396 0.034439 0.037195
0 0.198914 0.952194 0.054332 0.038552
0 0.322189 0.522535 0.063269 0.050496
0 0.126363 0.335763 0.036079 0.021113
0 0.131699 0.361410 0.042517 0.019309
0 0.239414 0.098345 0.047066 0.074982
0 0.160369 0.118413 0.022840 0.027528
0 0.173946 0.157731 0.024797 0.031295
0 0.150692 0.073996 0.022651 0.020546
0 0.117045 0.050683 0.041582 0.022715
