0 0.107744 0.487926 0.027853 0.079373
0 0.362167 0.469390 0.062761 0.050669
0 0.353128 0.553065 0.017993 0.081475
0 0.375726 0.552030 0.019725 0.075031
0 0.430339 0.631980 0.034429 0.043035
0 0.572980 0.641320 0.040299 0.088244
0 0.606796 0.722873 0.065120 0.087399
0 0.696596 0.854748 0.052126 0.083010
0 0.618498 0.948133 0.045038 0.062429
0 0.425818 0.829332 0.039219 0.060580
0 0.803919 0.728025 0.072269 0.068632
0 0.850541 0.793119 0.022929 0.077524
0 0.875592 0.789157 0.016367 0.075114
0 0.898164 0.783493 0.015118 0.065996
0 0.868184 0.578309 0.049717 0.046548
0 0.863769 0.139698 0.036197 0.044203
0 0.886961 0.009911 0.040158 0.019821
0 0.970131 0.695772 0.054744 0.042220
0 0.421556 0.687279 0.032230 0.038721
