0 0.326935 0.502614 0.063268 0.061733
0 0.118206 0.176804 0.053660 0.076498
0 0.293428 0.083946 0.068134 0.072662
0 0.123345 0.056596 0.032653 0.045564
0 0.523285 0.950608 0.064362 0.057719
0 0.411317 0.863892 0.060432 0.060712
0 0.442661 0.772794 0.048546 0.053027
0 0.599410 0.634880 0.056415 0.067094
0 0.540586 0.779365 0.069148 0.070798
0 0.839322 0.921234 0.056968 0.068667
0 0.707688 0.434116 0.017936 0.032354
0 0.741955 0.543934 0.044157 0.037220
0 0.720855 0.490442 0.050733 0.077095
0 0.674126 0.228362 0.087652 0.076021
0 0.843337 0.095878 0.051646 0.067385
0 0.958617 0.515794 0.045594 0.035744
0 0.969582 0.312720 0.044129 0.048782
0 0.743765 0.618853 0.044123 0.040958
0 0.473453 0.496881 0.046555 0.055081
