0 0.698493 0.427150 0.052752 0.063327
0 0.861596 0.356765 0.078946 0.048875
0 0.644187 0.239081 0.049524 0.062282
0 0.683383 0.048427 0.079310 0.035927
0 0.201045 0.396968 0.099337 0.020550
0 0.275770 0.357353 0.039483 0.058869
0 0.315174 0.434791 0.051699 0.059114
0 0.354937 0.979215 0.044916 0.035489
0 0.416849 0.906394 0.057813 0.033721
0 0.624008 0.513346 0.042870 0.058339
0 0.267231 0.870104 0.045226 0.044122
0 0.129907 0.831977 0.051946 0.059506
0 0.120555 0.943387 0.063564 0.042970
0 0.915589 0.938540 0.076244 0.021079
0 0.794886 0.233545 0.023595 0.024870
0 0.821721 0.236171 0.021327 0.027385
