0 0.733623 0.748594 0.060546 0.035467
0 0.824437 0.949116 0.052516 0.025070
0 0.739007 0.700521 0.049329 0.036112
0 0.725767 0.622252 0.052498 0.055964
0 0.834767 0.573262 0.037520 0.035754
0 0.812364 0.717810 0.044425 0.045231
0 0.269514 0.850700 0.042257 0.036960
0 0.113193 0.840852 0.039799 0.035348
0 0.176819 0.847747 0.033844 0.037326
0 0.730651 0.340182 0.078367 0.035184
0 0.753974 0.298615 0.044518 0.035328
0 0.647413 0.283735 0.041906 0.052746
0 0.683327 0.216202 0.077954 0.070298
0 0.843626 0.158874 0.057651 0.037398
0 0.869655 0.310731 0.059121 0.053809
0 0.969560 0.367890 0.033916 0.035363
0 0.932753 0.366839 0.029167 0.033285
0 0.887158 0.443947 0.040957 0.042173
0 0.948086 0.448455 0.035623 0.036693
0 0.695672 0.140530 0.038864 0.055274
0 0.955018 0.164813 0.078193 0.022980
0 0.686722 0.022108 0.090532 0.044217
0 0.275710 0.165358 0.096249 0.048977
0 0.253987 0.044417 0.045173 0.036209
0 0.412566 0.301536 0.038355 0.048130
0 0.013711 0.060360 0.027421 0.037899
0 0.300394 0.122206 0.059100 0.058484
0 0.271497 0.656715 0.040894 0.039236
0 0.160615 0.593854 0.057680 0.029029
0 0.009718 0.460809 0.018200 0.018252
0 0.011634 0.426595 0.023268 0.015830
0 0.411015 0.449864 0.038591 0.036302
0 0.384512 0.669575 0.062307 0.040880
0 0.393156 0.737889 0.054763 0.040647
