0 0.522206 0.357994 0.078375 0.042116
0 0.549519 0.459723 0.067687 0.041522
0 0.620919 0.417608 0.091141 0.054572
0 0.959209 0.570054 0.057000 0.040336
0 0.945256 0.660272 0.044531 0.046156
0 0.636653 0.706484 0.058484 0.078300
0 0.375846 0.723882 0.045720 0.057739
0 0.259471 0.459658 0.070658 0.038094
0 0.374362 0.410134 0.039186 0.038675
0 0.226814 0.244069 0.119344 0.062353
0 0.029242 0.133180 0.058484 0.068216
0 0.172484 0.480268 0.062938 0.041955
0 0.070656 0.427778 0.058781 0.040163
0 0.228595 0.354532 0.044531 0.043108
0 0.100047 0.330115 0.058187 0.034995
0 0.559020 0.632634 0.077189 0.025508
0 0.814333 0.223755 0.045125 0.059088
0 0.612457 0.185055 0.040377 0.036834
0 0.545066 0.024623 0.039781 0.049247
0 0.340519 0.263195 0.034438 0.041897
0 0.184064 0.866641 0.032656 0.015423
0 0.213455 0.887699 0.084312 0.021945
0 0.692762 0.977566 0.038889 0.026100
0 0.786723 0.483451 0.073031 0.015423
0 0.984919 0.502432 0.027669 0.015423
0 0.905177 0.463283 0.064127 0.052200
0 0.984325 0.362442 0.028856 0.024913
0 0.988184 0.330955 0.021138 0.022641
0 0.787614 0.064209 0.079562 0.021084
0 0.807356 0.093734 0.036516 0.016609
0 0.384455 0.519931 0.051064 0.087197
