0 0.793630 0.083706 0.067450 0.100681
0 0.451356 0.027077 0.084656 0.053505
0 0.446061 0.209628 0.061308 0.082632
0 0.897578 0.377949 0.052889 0.047593
0 0.036450 0.222459 0.056351 0.063032
0 0.075446 0.386612 0.071399 0.051430
0 0.326132 0.381135 0.045681 0.038530
0 0.622358 0.739397 0.116985 0.091914
0 0.868873 0.701460 0.090538 0.053079
0 0.929689 0.892838 0.073768 0.058897
0 0.892444 0.602976 0.039927 0.071739
0 0.546663 0.923612 0.039691 0.094528
0 0.577122 0.590373 0.120750 0.062523
0 0.064963 0.036799 0.048431 0.031061
0 0.310073 0.506765 0.046960 0.040607
