0 0.153223 0.541212 0.188236 0.145931
0 0.087395 0.189510 0.101296 0.085264
0 0.202049 0.052733 0.050993 0.051821
0 0.496978 0.061231 0.080372 0.073370
0 0.491316 0.278434 0.078741 0.079088
0 0.606220 0.242893 0.056826 0.051337
0 0.796066 0.096322 0.056941 0.053041
0 0.410111 0.022900 0.067021 0.043169
0 0.062548 0.653971 0.065556 0.074116
0 0.166142 0.814007 0.169596 0.156381
0 0.235066 0.873679 0.057440 0.052088
0 0.047237 0.986573 0.064222 0.026853
0 0.025366 0.750460 0.043434 0.079040
0 0.401719 0.571545 0.064210 0.061817
0 0.474414 0.498093 0.065938 0.063731
0 0.355539 0.716697 0.077362 0.071879
0 0.318118 0.971850 0.078774 0.056301
0 0.467291 0.965680 0.096826 0.068640
0 0.672402 0.886286 0.079885 0.080524
0 0.471985 0.718296 0.072043 0.073622
0 0.792154 0.842910 0.073393 0.071586
0 0.813232 0.680229 0.073729 0.067758
0 0.775915 0.508040 0.069051 0.066896
0 0.692497 0.440261 0.107506 0.093229
0 0.637793 0.468272 0.052722 0.050307
0 0.578471 0.555577 0.077640 0.091635
0 0.577661 0.631054 0.049056 0.043755
0 0.722529 0.938813 0.074437 0.067309
0 0.710624 0.973590 0.086966 0.043847
0 0.908462 0.175490 0.054908 0.045680
0 0.286704 0.577661 0.050941 0.051484
0 0.381227 0.657827 0.092296 0.080014
0 0.341359 0.905901 0.049025 0.047988
