0 0.607177 0.875462 0.075017 0.038627
0 0.562744 0.626162 0.055394 0.071133
0 0.484043 0.654461 0.083407 0.030413
0 0.478521 0.632469 0.074757 0.026908
0 0.389113 0.600377 0.037018 0.030275
0 0.343984 0.464250 0.088158 0.048248
0 0.260576 0.446947 0.084079 0.077636
0 0.106472 0.392645 0.085597 0.065223
0 0.033438 0.492848 0.060105 0.047214
0 0.199086 0.653139 0.066891 0.046127
0 0.201340 0.259521 0.069909 0.085222
0 0.131651 0.228734 0.077049 0.029071
0 0.128590 0.205831 0.075039 0.028077
0 0.127548 0.181983 0.065583 0.028077
0 0.334179 0.161050 0.045327 0.054260
0 0.764215 0.059944 0.045314 0.045669
0 0.899620 0.013742 0.045874 0.027485
0 0.198794 0.091195 0.042843 0.063332
0 0.337327 0.621020 0.039521 0.026130
