0 0.653135 0.293806 0.076634 0.039274
0 0.644128 0.109129 0.051718 0.054818
0 0.662228 0.014269 0.050229 0.028538
0 0.082795 0.170936 0.057330 0.038800
0 0.095061 0.145676 0.057051 0.037787
0 0.015897 0.152876 0.031793 0.044605
0 0.152818 0.973309 0.088119 0.053381
0 0.391525 0.976212 0.061006 0.045282
0 0.225490 0.953606 0.045179 0.042282
0 0.209458 0.897368 0.040504 0.049410
0 0.822948 0.736661 0.032474 0.017150
0 0.809591 0.720241 0.065648 0.019455
0 0.804722 0.700887 0.085559 0.019028
0 0.801257 0.680293 0.079903 0.021623
0 0.800954 0.657385 0.074432 0.022518
0 0.972502 0.743510 0.054997 0.053071
