0 0.412504 0.828079 0.087403 0.098204
0 0.934505 0.527638 0.061892 0.054326
0 0.850252 0.487930 0.070592 0.067256
0 0.484165 0.416263 0.048844 0.044225
0 0.436387 0.373055 0.048931 0.048919
0 0.893741 0.060077 0.077971 0.044857
0 0.085256 0.260006 0.059209 0.065014
0 0.203863 0.383901 0.031847 0.032698
0 0.064261 0.500313 0.016284 0.076776
0 0.006551 0.684785 0.013102 0.026718
0 0.019332 0.601848 0.038665 0.042153
0 0.538931 0.991633 0.071957 0.016734
0 0.623988 0.992948 0.073109 0.014104
0 0.823438 0.897270 0.059225 0.038608
