0 0.640828 0.590064 0.058818 0.045333
0 0.321854 0.487985 0.063584 0.065979
0 0.078118 0.405858 0.063587 0.049267
0 0.212892 0.087478 0.051769 0.093900
0 0.906478 0.737129 0.074865 0.023448
0 0.980825 0.824816 0.038350 0.061096
0 0.975163 0.774211 0.022686 0.016634
0 0.982925 0.750155 0.018932 0.015067
0 0.820869 0.662753 0.071462 0.027606
0 0.802030 0.698653 0.062788 0.021178
0 0.652136 0.945166 0.039681 0.057959
0 0.703913 0.953543 0.040805 0.057316
0 0.581861 0.699170 0.055441 0.049919
0 0.476567 0.537506 0.046679 0.061690
0 0.427673 0.300274 0.029772 0.041073
0 0.417648 0.182695 0.039493 0.018296
0 0.432707 0.207432 0.025361 0.016729
0 0.516807 0.859540 0.046517 0.063588
