0 0.744479 0.737926 0.036518 0.059918
0 0.943326 0.832245 0.024307 0.052171
0 0.696350 0.742459 0.035350 0.048768
0 0.618029 0.727858 0.055647 0.051542
0 0.567372 0.835980 0.035313 0.037026
0 0.712242 0.816118 0.044692 0.043711
0 0.854643 0.275649 0.036539 0.041751
0 0.847726 0.119214 0.035143 0.039212
0 0.853137 0.182914 0.037267 0.033238
0 0.336181 0.727543 0.036546 0.078307
0 0.294142 0.750420 0.035959 0.043897
0 0.281187 0.643612 0.052188 0.041049
0 0.213014 0.678319 0.069178 0.076914
0 0.153123 0.837665 0.036961 0.057096
0 0.304000 0.866260 0.053581 0.058255
0 0.359764 0.967180 0.034948 0.033383
0 0.359530 0.930390 0.033342 0.028636
0 0.437204 0.886121 0.041625 0.040338
0 0.440357 0.947099 0.036738 0.035017
0 0.136880 0.689349 0.055277 0.037935
0 0.156923 0.949086 0.021632 0.077988
0 0.020909 0.677515 0.041817 0.088070
0 0.169317 0.269930 0.047582 0.095687
0 0.048757 0.246084 0.035659 0.044614
0 0.303092 0.408882 0.048792 0.037977
0 0.069297 0.009770 0.036815 0.019539
0 0.125282 0.293759 0.058576 0.058214
0 0.660956 0.274272 0.039390 0.040212
0 0.600246 0.162196 0.028984 0.057959
0 0.469361 0.009254 0.017954 0.018225
0 0.435111 0.010960 0.016197 0.021921
0 0.451705 0.410169 0.036409 0.037984
0 0.671093 0.387452 0.041017 0.061657
0 0.739681 0.397615 0.039758 0.054883
