0 0.061238 0.323102 0.047178 0.049445
0 0.166892 0.659697 0.066319 0.074841
0 0.240158 0.606829 0.048986 0.057402
0 0.386390 0.545973 0.041129 0.046654
0 0.032533 0.429699 0.035458 0.041290
0 0.838756 0.445940 0.037101 0.042985
0 0.778483 0.432405 0.038918 0.047024
0 0.762073 0.743361 0.031222 0.043762
0 0.526404 0.846649 0.040943 0.030806
0 0.443948 0.832560 0.033720 0.040062
0 0.884202 0.149736 0.034019 0.061843
0 0.928653 0.118056 0.025056 0.039469
0 0.275218 0.888824 0.043377 0.038446
0 0.445451 0.924101 0.042831 0.046248
