0 0.406753 0.691510 0.058893 0.050301
0 0.318576 0.843642 0.044368 0.076472
0 0.223569 0.615852 0.063378 0.043284
0 0.030480 0.633548 0.031997 0.079376
0 0.428469 0.191021 0.030196 0.098430
0 0.382330 0.260832 0.059861 0.036080
0 0.454468 0.311849 0.064194 0.050195
0 0.985879 0.406072 0.028242 0.041874
0 0.911608 0.459653 0.035219 0.054429
0 0.498311 0.625159 0.058502 0.038687
0 0.892022 0.308088 0.040369 0.043578
0 0.867492 0.166493 0.061872 0.045729
0 0.977905 0.168673 0.043948 0.059338
0 0.892634 0.959301 0.028283 0.077138
0 0.203959 0.765380 0.023961 0.021398
0 0.203736 0.792334 0.026801 0.018670
