0 0.673451 0.233788 0.058129 0.054514
0 0.972728 0.873215 0.039057 0.066635
0 0.702014 0.871353 0.112430 0.074400
0 0.578363 0.975193 0.063640 0.045647
0 0.329869 0.314675 0.064956 0.098986
0 0.355329 0.510916 0.039981 0.096844
0 0.317006 0.496416 0.035518 0.113539
0 0.280708 0.475609 0.030637 0.073345
0 0.176209 0.633305 0.026750 0.055288
0 0.205357 0.637598 0.026750 0.056722
0 0.370667 0.713693 0.040737 0.134219
0 0.863577 0.885094 0.027590 0.092215
0 0.892202 0.861248 0.017951 0.036139
0 0.319226 0.762592 0.026334 0.036006
