0 0.051904 0.990186 0.038474 0.019629
0 0.492082 0.981328 0.088435 0.037343
0 0.703359 0.849356 0.037387 0.040811
0 0.845140 0.760157 0.054427 0.068451
0 0.098089 0.044388 0.049412 0.035968
0 0.420534 0.263951 0.032742 0.039593
0 0.458529 0.264866 0.033063 0.039564
0 0.594132 0.171062 0.042593 0.025023
0 0.598763 0.200928 0.039425 0.027436
0 0.623737 0.063634 0.041407 0.028907
0 0.640981 0.089694 0.052961 0.028882
0 0.780683 0.005794 0.082039 0.011589
0 0.913245 0.223482 0.034927 0.019231
0 0.916281 0.243732 0.036655 0.019054
0 0.900839 0.555470 0.043652 0.038536
0 0.815769 0.651264 0.060800 0.035308
0 0.881306 0.616583 0.024053 0.014135
0 0.989460 0.826911 0.021080 0.014037
0 0.988102 0.849466 0.023797 0.019127
