0 0.938057 0.950985 0.068809 0.079414
0 0.428079 0.772474 0.050905 0.080774
0 0.552699 0.725417 0.104416 0.053416
0 0.434671 0.602715 0.048553 0.038661
0 0.657974 0.444475 0.038717 0.040659
0 0.229725 0.374798 0.084832 0.074974
0 0.047198 0.345031 0.051306 0.064199
0 0.244826 0.210163 0.058693 0.081085
0 0.395878 0.036239 0.055686 0.038120
0 0.736641 0.206610 0.074188 0.053597
0 0.788995 0.327444 0.035194 0.020990
0 0.800362 0.362942 0.026362 0.039482
0 0.025602 0.633130 0.046377 0.035470
0 0.245804 0.711024 0.043303 0.058166
0 0.777192 0.700653 0.048597 0.042683
0 0.738145 0.708603 0.032409 0.040085
0 0.554959 0.821076 0.056269 0.024493
0 0.894971 0.403201 0.070506 0.074954
