0 0.827183 0.905802 0.054787 0.048831
0 0.818807 0.846279 0.039378 0.044539
0 0.778774 0.794892 0.066105 0.047939
0 0.976466 0.429189 0.047068 0.052404
0 0.835436 0.274550 0.075555 0.090245
0 0.784091 0.113257 0.047422 0.048879
0 0.291521 0.345534 0.038419 0.092509
0 0.256928 0.359620 0.033974 0.074247
0 0.226680 0.373462 0.020693 0.040670
0 0.342881 0.485982 0.026709 0.054075
0 0.037984 0.786250 0.039482 0.072312
0 0.240553 0.762914 0.023158 0.057054
0 0.123649 0.571082 0.055038 0.049579
0 0.100374 0.486745 0.040919 0.046755
0 0.249746 0.512635 0.016591 0.028373
0 0.273079 0.510656 0.013897 0.034226
