0 0.327844 0.417950 0.060080 0.063778
0 0.272253 0.524246 0.059021 0.055444
0 0.281165 0.593324 0.061891 0.067583
0 0.134465 0.409487 0.039720 0.070281
0 0.626184 0.585486 0.057162 0.072982
0 0.860632 0.499435 0.085625 0.093265
0 0.879963 0.575490 0.062910 0.071300
0 0.928404 0.656981 0.124003 0.106425
0 0.893228 0.778259 0.038974 0.051236
0 0.808785 0.917411 0.035423 0.041781
0 0.902909 0.141810 0.035213 0.037350
0 0.269213 0.927003 0.035707 0.029733
0 0.029205 0.055684 0.042330 0.061314
0 0.203980 0.027251 0.024001 0.024700
0 0.235121 0.029856 0.016090 0.030551
0 0.262316 0.026827 0.019453 0.030068
0 0.670848 0.700468 0.061799 0.043346
0 0.633747 0.913800 0.045749 0.063094
