0 0.552650 0.164767 0.079584 0.095000
0 0.064749 0.518050 0.059986 0.054625
0 0.152477 0.548925 0.067455 0.068875
0 0.524216 0.581880 0.048552 0.044531
0 0.576407 0.619583 0.048702 0.049875
0 0.155619 0.977200 0.076616 0.043106
0 0.937804 0.697066 0.052858 0.064720
0 0.806436 0.584550 0.034081 0.035625
0 0.933219 0.454964 0.024019 0.076297
0 0.982384 0.264220 0.032738 0.030281
0 0.972450 0.346753 0.052606 0.046906
0 0.408032 0.013508 0.074239 0.027016
0 0.324245 0.016773 0.074331 0.033547
0 0.136613 0.138641 0.061173 0.043939
