0 0.602133 0.220476 0.046986 0.125046
0 0.733931 0.439817 0.054158 0.040444
0 0.703046 0.556602 0.046872 0.048374
0 0.813208 0.940941 0.055369 0.052081
0 0.318053 0.327760 0.038668 0.035037
0 0.172773 0.101692 0.058253 0.051206
0 0.985290 0.225861 0.029421 0.038561
0 0.866757 0.147662 0.043219 0.083454
0 0.872615 0.070243 0.044028 0.030562
0 0.800604 0.100386 0.044297 0.019697
0 0.802499 0.054407 0.039240 0.021890
0 0.117284 0.235109 0.068402 0.071149
0 0.280756 0.283832 0.048474 0.078657
0 0.307406 0.095198 0.057587 0.078485
