0 0.551309 0.270212 0.078885 0.089631
0 0.496532 0.296590 0.091205 0.109887
0 0.462192 0.327397 0.060670 0.088400
0 0.396150 0.227163 0.048015 0.050179
0 0.423667 0.358664 0.077819 0.089107
0 0.630878 0.826871 0.118085 0.134340
0 0.656460 0.914121 0.067330 0.065123
0 0.420791 0.989393 0.060108 0.021214
0 0.625598 0.681941 0.096519 0.095749
0 0.657005 0.640202 0.064427 0.055168
0 0.508685 0.494547 0.058550 0.057986
0 0.643603 0.425959 0.061600 0.076426
0 0.754599 0.492884 0.050387 0.056916
0 0.855343 0.609580 0.065098 0.063266
0 0.916493 0.546731 0.064391 0.065633
0 0.971993 0.478046 0.049398 0.054984
0 0.917601 0.309503 0.062231 0.054829
0 0.956313 0.286264 0.038416 0.062259
0 0.921155 0.131379 0.065598 0.066538
0 0.912382 0.038731 0.043308 0.048211
0 0.186648 0.313189 0.050697 0.042128
0 0.114168 0.258772 0.043382 0.045824
0 0.064553 0.539214 0.056126 0.058593
