0 0.421166 0.772741 0.059317 0.066203
0 0.386403 0.924594 0.065716 0.056406
0 0.297787 0.677889 0.045083 0.093812
0 0.266052 0.814748 0.046859 0.048094
0 0.061982 0.514903 0.042080 0.049281
0 0.375789 0.617920 0.059912 0.057002
0 0.522964 0.735186 0.054116 0.055219
0 0.499170 0.586895 0.048048 0.053141
0 0.691106 0.644638 0.059406 0.059377
0 0.644201 0.524403 0.049827 0.055219
0 0.631805 0.335589 0.060384 0.063531
0 0.626467 0.258995 0.067500 0.075406
0 0.602678 0.082650 0.064063 0.067094
0 0.441116 0.258995 0.057695 0.059969
0 0.404049 0.324605 0.046436 0.054623
0 0.718684 0.804952 0.057619 0.052250
0 0.635209 0.847405 0.041333 0.045717
0 0.613708 0.861953 0.046972 0.055813
0 0.899563 0.352363 0.069402 0.055516
0 0.847684 0.753889 0.045128 0.045125
0 0.672377 0.337816 0.045675 0.047203
0 0.805722 0.724202 0.048997 0.059375
0 0.289875 0.272948 0.093322 0.089063
