0 0.959673 0.926852 0.067331 0.081729
0 0.938514 0.995673 0.029958 0.008654
0 0.442404 0.775969 0.054165 0.081785
0 0.564347 0.722441 0.105195 0.057868
0 0.440267 0.606008 0.049567 0.040510
0 0.654834 0.436308 0.040648 0.042216
0 0.223275 0.389351 0.088045 0.078697
0 0.039957 0.368776 0.053820 0.065764
0 0.230060 0.223702 0.062572 0.083483
0 0.371758 0.041912 0.057587 0.040063
0 0.720957 0.194643 0.075136 0.056399
0 0.779459 0.311641 0.035910 0.020975
0 0.792806 0.347447 0.027978 0.039993
0 0.033218 0.657893 0.048133 0.037498
0 0.257144 0.723988 0.045581 0.059560
0 0.786921 0.685573 0.049403 0.044572
0 0.748730 0.695799 0.033946 0.040660
0 0.571706 0.817828 0.056398 0.026995
0 0.889312 0.382440 0.074215 0.077353
