0 0.509544 0.944586 0.053863 0.033262
0 0.107252 0.422279 0.069449 0.038572
0 0.102912 0.318673 0.069179 0.045447
0 0.887489 0.693542 0.049495 0.041295
0 0.814020 0.721093 0.023644 0.038451
0 0.117665 0.383528 0.039341 0.024541
0 0.327287 0.564395 0.039071 0.017095
0 0.328740 0.542681 0.036333 0.017144
0 0.328037 0.520783 0.019562 0.019225
0 0.292831 0.225209 0.054850 0.025852
0 0.281832 0.162498 0.058015 0.020289
0 0.043854 0.222963 0.026728 0.025700
0 0.090119 0.139731 0.052732 0.032421
0 0.074107 0.221598 0.013184 0.016599
0 0.094887 0.243531 0.020260 0.015296
0 0.076133 0.177639 0.021682 0.020600
0 0.682117 0.987185 0.018980 0.020560
0 0.711913 0.978456 0.022973 0.022850
0 0.741269 0.975665 0.021996 0.024315
0 0.701120 0.951344 0.032360 0.023195
