0 0.084461 0.072470 0.076297 0.048106
0 0.065609 0.031787 0.058188 0.042763
0 0.020039 0.046041 0.025828 0.027319
0 0.906068 0.905436 0.057595 0.073644
0 0.922545 0.985651 0.046016 0.026205
0 0.810623 0.458218 0.078673 0.039198
0 0.729278 0.278559 0.044234 0.058798
0 0.977200 0.022723 0.043106 0.045447
0 0.981208 0.221840 0.035091 0.051077
0 0.765497 0.082567 0.041859 0.052859
0 0.535269 0.139116 0.046312 0.044291
0 0.504097 0.132455 0.030281 0.032664
0 0.604441 0.670839 0.063530 0.055828
0 0.028648 0.487320 0.057297 0.065330
0 0.947927 0.615309 0.048689 0.062361
