0 0.816303 0.203827 0.120973 0.097005
0 0.929731 0.057248 0.055626 0.058398
0 0.392512 0.083079 0.047509 0.063229
0 0.538399 0.233275 0.077433 0.073058
0 0.541136 0.488529 0.076464 0.043856
0 0.876750 0.595788 0.078117 0.036985
0 0.937446 0.684958 0.044970 0.039555
0 0.405290 0.795992 0.118472 0.062272
0 0.682943 0.952763 0.093946 0.045315
0 0.589120 0.724488 0.052512 0.042302
0 0.291537 0.517728 0.092552 0.102643
0 0.233192 0.104477 0.043239 0.063325
0 0.350135 0.030099 0.038595 0.039930
0 0.015522 0.913384 0.031044 0.036459
0 0.651513 0.633634 0.036478 0.037874
0 0.027776 0.693068 0.032323 0.036074
0 0.458551 0.441985 0.063351 0.031343
0 0.839789 0.323382 0.031314 0.057468
