0 0.150117 0.526321 0.084850 0.097877
0 0.215512 0.625005 0.055663 0.111509
0 0.356465 0.669416 0.037213 0.078471
0 0.116147 0.787046 0.062207 0.079180
0 0.090532 0.944317 0.041609 0.072398
0 0.046237 0.958831 0.031324 0.027611
0 0.330473 0.910077 0.053636 0.071556
0 0.421304 0.802215 0.053476 0.067952
0 0.538542 0.812952 0.037285 0.042788
0 0.503632 0.912751 0.040965 0.058251
0 0.675135 0.669533 0.034452 0.054087
0 0.275771 0.274155 0.038581 0.066431
0 0.361192 0.081128 0.026721 0.036055
0 0.606749 0.029936 0.041588 0.059873
0 0.775245 0.560592 0.016106 0.041911
0 0.745186 0.559012 0.015655 0.043713
0 0.834434 0.936345 0.021381 0.040141
0 0.608388 0.167266 0.036753 0.037106
0 0.264081 0.012303 0.034097 0.014594
