0 0.340280 0.080319 0.119732 0.100575
0 0.736586 0.875635 0.121888 0.061653
0 0.444408 0.948236 0.068035 0.039603
0 0.602144 0.930521 0.055252 0.056344
0 0.776256 0.797702 0.070460 0.057208
0 0.028846 0.681481 0.057692 0.079804
0 0.024576 0.570026 0.049152 0.041909
0 0.250183 0.570154 0.079474 0.039516
0 0.263555 0.662638 0.077161 0.022991
0 0.644187 0.704930 0.037591 0.018813
0 0.774177 0.721246 0.076111 0.013943
0 0.640444 0.675345 0.037591 0.015247
0 0.642355 0.650877 0.037158 0.013963
0 0.649854 0.628613 0.019428 0.014246
0 0.080027 0.112553 0.029648 0.056280
0 0.092877 0.044714 0.024253 0.054237
0 0.521792 0.002029 0.041039 0.004059
0 0.696008 0.059485 0.024410 0.037953
