0 0.281444 0.846369 0.044919 0.034064
0 0.095198 0.789080 0.088967 0.061236
0 0.291290 0.755248 0.044535 0.038871
0 0.816232 0.775344 0.051134 0.052012
0 0.716512 0.158121 0.057307 0.054404
0 0.636287 0.232726 0.075359 0.077817
0 0.757055 0.634038 0.059977 0.049078
0 0.696146 0.482454 0.047616 0.045933
0 0.607845 0.191871 0.068157 0.058827
0 0.484699 0.512272 0.056539 0.040242
0 0.488825 0.251038 0.054394 0.044952
0 0.438115 0.288703 0.059068 0.036323
0 0.297335 0.188923 0.041017 0.040896
0 0.564305 0.155098 0.036153 0.039506
0 0.589883 0.160230 0.035163 0.039119
0 0.215879 0.421935 0.039837 0.024587
