0 0.806249 0.544938 0.072891 0.151012
0 0.780016 0.536404 0.074856 0.149925
0 0.755503 0.524749 0.072320 0.152171
0 0.728834 0.518711 0.070668 0.145518
0 0.704368 0.510375 0.073588 0.155635
0 0.682840 0.497690 0.074692 0.155983
0 0.657393 0.489616 0.075086 0.145135
0 0.634565 0.477825 0.072735 0.142449
0 0.613434 0.471688 0.069074 0.146775
0 0.891454 0.220995 0.142383 0.080248
0 0.908622 0.087016 0.069687 0.065905
0 0.889210 0.470244 0.145364 0.087817
0 0.685824 0.795725 0.117708 0.102870
0 0.927174 0.845166 0.042823 0.058081
0 0.878378 0.935331 0.034537 0.044884
