0 0.883932 0.337324 0.042351 0.047478
0 0.926658 0.243334 0.042916 0.052230
0 0.458814 0.140464 0.091151 0.083821
0 0.319549 0.230453 0.032760 0.075582
0 0.356454 0.040597 0.039279 0.060396
0 0.249685 0.038240 0.038956 0.043104
0 0.628149 0.883180 0.049107 0.071904
0 0.553212 0.801592 0.053345 0.055313
0 0.375954 0.738049 0.037478 0.044188
0 0.383095 0.978283 0.043218 0.023686
0 0.326693 0.965387 0.063518 0.036749
0 0.793844 0.116200 0.039438 0.057850
0 0.733471 0.098287 0.037134 0.053312
0 0.736335 0.254508 0.035944 0.037596
0 0.662916 0.158778 0.033843 0.038795
0 0.502248 0.294363 0.021732 0.023188
0 0.563012 0.138470 0.036216 0.044271
0 0.209462 0.093657 0.022594 0.035553
0 0.178945 0.221111 0.023310 0.038769
0 0.142487 0.208137 0.024373 0.034827
0 0.349783 0.847312 0.069741 0.086722
0 0.239541 0.645657 0.062264 0.054725
