0 0.932568 0.759803 0.085888 0.081538
0 0.706198 0.606910 0.032191 0.056853
0 0.337434 0.687900 0.126952 0.085046
0 0.350564 0.625168 0.119910 0.072753
0 0.170246 0.478237 0.062934 0.084876
0 0.146386 0.622666 0.091170 0.078976
0 0.597415 0.714054 0.019625 0.041035
0 0.483011 0.435427 0.053399 0.042225
0 0.515928 0.224499 0.060040 0.051486
0 0.545730 0.406179 0.028379 0.077405
0 0.570131 0.258479 0.024259 0.077331
0 0.541947 0.272479 0.017754 0.036534
0 0.522882 0.389790 0.026691 0.040237
0 0.746690 0.090444 0.031011 0.061092
0 0.714126 0.096223 0.023174 0.038122
0 0.698150 0.078567 0.019332 0.020626
0 0.612556 0.049568 0.052580 0.051742
0 0.160229 0.871803 0.047325 0.056068
