0 0.038099 0.172963 0.042948 0.041513
0 0.022167 0.289886 0.044334 0.037359
0 0.011777 0.361145 0.020781 0.060881
0 0.201580 0.542410 0.114991 0.110695
0 0.368523 0.829528 0.077584 0.114847
0 0.982197 0.754809 0.033113 0.062267
0 0.958645 0.625433 0.080216 0.127300
0 0.304101 0.349384 0.042948 0.048430
0 0.366445 0.343158 0.059573 0.052581
0 0.261153 0.215858 0.065116 0.063650
0 0.199501 0.126609 0.036020 0.037359
0 0.323497 0.060883 0.040178 0.049813
0 0.359517 0.052580 0.037406 0.041511
0 0.374065 0.174346 0.063730 0.052580
0 0.941396 0.053273 0.109448 0.065033
0 0.911610 0.012453 0.063730 0.024906
0 0.642145 0.123841 0.067886 0.062266
0 0.532696 0.284350 0.045720 0.045662
0 0.290198 0.094031 0.071548 0.082450
0 0.296877 0.569373 0.059969 0.062702
