0 0.409185 0.023176 0.085142 0.041172
0 0.641229 0.122337 0.033596 0.039802
0 0.794122 0.184163 0.047033 0.065762
0 0.460725 0.746037 0.035079 0.044227
0 0.498798 0.738346 0.034021 0.043871
0 0.649975 0.808308 0.041121 0.020089
0 0.649687 0.777835 0.038478 0.022546
0 0.697250 0.908690 0.039938 0.023134
0 0.709457 0.879816 0.052957 0.020215
0 0.864152 0.948469 0.085040 0.037835
0 0.954525 0.701573 0.033192 0.020132
0 0.953812 0.679256 0.037168 0.019652
0 0.885068 0.375642 0.042486 0.034956
0 0.784708 0.297116 0.061562 0.026829
0 0.855217 0.318683 0.021605 0.015988
0 0.936272 0.092031 0.045229 0.018540
0 0.931765 0.070770 0.048509 0.019673
