0 0.971507 0.368170 0.034184 0.094042
0 0.756009 0.472769 0.051088 0.070041
0 0.379132 0.358240 0.080377 0.062135
0 0.264301 0.053286 0.042452 0.048986
0 0.287178 0.139635 0.062166 0.044257
0 0.410338 0.232525 0.044045 0.044085
0 0.199106 0.313990 0.044567 0.047580
0 0.156174 0.271249 0.040425 0.054092
0 0.178886 0.185149 0.031312 0.079508
0 0.155130 0.083662 0.029332 0.071087
0 0.052300 0.586835 0.057747 0.057047
0 0.136796 0.668484 0.063143 0.055981
0 0.217635 0.605393 0.052340 0.044953
0 0.229089 0.709226 0.058795 0.057850
0 0.429295 0.678996 0.057153 0.055574
0 0.217077 0.815974 0.084569 0.068365
0 0.141124 0.218044 0.042064 0.035893
0 0.824915 0.383969 0.025103 0.073655
0 0.920435 0.680253 0.028749 0.028777
0 0.945657 0.669333 0.029614 0.028756
0 0.393961 0.911899 0.060483 0.091939
0 0.511809 0.189680 0.048489 0.047026
0 0.597566 0.370461 0.041448 0.039060
0 0.293284 0.831815 0.049201 0.071818
0 0.262316 0.792975 0.020752 0.024738
0 0.720971 0.810735 0.019364 0.023540
0 0.748633 0.803197 0.019798 0.023218
0 0.244540 0.534306 0.072264 0.058575
