0 0.543694 0.974510 0.045628 0.050029
0 0.059546 0.968259 0.027286 0.063482
0 0.141549 0.674036 0.065980 0.076276
0 0.054491 0.711972 0.066703 0.085632
0 0.099837 0.464018 0.083941 0.110790
0 0.055111 0.585870 0.065762 0.108551
0 0.372644 0.103079 0.073876 0.065177
0 0.435700 0.060350 0.057271 0.111976
0 0.600067 0.057895 0.088795 0.063145
0 0.839293 0.092733 0.095601 0.115145
0 0.837038 0.409517 0.048959 0.070407
0 0.815635 0.488408 0.047294 0.074038
0 0.900552 0.611347 0.082855 0.097820
0 0.712965 0.614378 0.040557 0.070203
0 0.499854 0.421529 0.042368 0.083896
0 0.459077 0.431343 0.031215 0.073969
0 0.503007 0.351192 0.037081 0.042561
0 0.459586 0.355748 0.021799 0.035321
0 0.837179 0.218784 0.063579 0.081419
0 0.183248 0.847594 0.060451 0.084059
