0 0.845793 0.630839 0.060802 0.055884
0 0.821569 0.230130 0.101247 0.059699
0 0.983796 0.317729 0.032408 0.043878
0 0.958170 0.434517 0.051979 0.054738
0 0.349992 0.308810 0.088061 0.065733
0 0.035496 0.658391 0.070992 0.056434
0 0.365236 0.619477 0.056515 0.040635
0 0.361076 0.507782 0.043068 0.042391
0 0.322773 0.959245 0.044170 0.041859
0 0.767966 0.374922 0.026894 0.053768
0 0.741881 0.370539 0.028623 0.062551
0 0.925389 0.234268 0.039170 0.038543
0 0.481457 0.062068 0.049222 0.063565
0 0.430579 0.276194 0.048806 0.043159
0 0.478244 0.511416 0.038752 0.037462
