0 0.102127 0.557363 0.050469 0.045802
0 0.079266 0.715570 0.078375 0.076302
0 0.426464 0.651319 0.062047 0.059319
0 0.513597 0.910833 0.055219 0.046863
0 0.756739 0.660266 0.074812 0.060600
0 0.626114 0.575154 0.081938 0.077823
0 0.212119 0.417905 0.074516 0.019575
0 0.328346 0.124256 0.052845 0.056297
0 0.262736 0.112123 0.047500 0.036777
0 0.327455 0.313603 0.038000 0.042309
0 0.281587 0.341682 0.042453 0.030845
0 0.294650 0.231648 0.037109 0.037370
0 0.471441 0.079034 0.051656 0.045339
0 0.214641 0.070138 0.046314 0.041781
