0 0.023844 0.510295 0.047687 0.042936
0 0.047737 0.030726 0.095474 0.028879
0 0.351379 0.129941 0.073544 0.061736
0 0.319760 0.040853 0.083139 0.061976
0 0.563881 0.103086 0.107256 0.078813
0 0.444291 0.049833 0.108995 0.058893
0 0.904896 0.400551 0.061517 0.070836
0 0.941768 0.466389 0.113107 0.049593
0 0.933851 0.630690 0.058990 0.086897
0 0.882925 0.866618 0.112409 0.091016
0 0.566823 0.842779 0.068810 0.045895
0 0.489632 0.815781 0.073721 0.042570
0 0.360753 0.891687 0.096455 0.077528
0 0.370373 0.704397 0.071517 0.035702
0 0.578530 0.505353 0.082560 0.037230
0 0.572017 0.464037 0.074622 0.026120
0 0.648241 0.513331 0.041023 0.034541
0 0.646720 0.469747 0.036756 0.019282
0 0.757300 0.856098 0.079488 0.058663
0 0.175090 0.159662 0.081558 0.056207
