0 0.522626 0.341279 0.083585 0.051927
0 0.364722 0.411163 0.079918 0.052911
0 0.381205 0.453007 0.111329 0.065085
0 0.363311 0.505144 0.116713 0.068568
0 0.543571 0.377937 0.135420 0.071733
0 0.555897 0.417412 0.065762 0.049238
0 0.547545 0.484090 0.080632 0.055584
0 0.577555 0.513421 0.067187 0.050981
0 0.405412 0.603626 0.113835 0.074062
0 0.411318 0.646594 0.203066 0.109474
0 0.263739 0.706459 0.066077 0.051649
0 0.256770 0.747748 0.060966 0.051132
0 0.606705 0.622321 0.042288 0.033349
0 0.634764 0.652452 0.079204 0.048552
0 0.434773 0.676494 0.233900 0.124458
0 0.517454 0.683717 0.098990 0.067429
0 0.649394 0.715206 0.048210 0.042912
0 0.528192 0.753813 0.045606 0.043049
0 0.404607 0.795642 0.061778 0.050765
0 0.301742 0.832636 0.065022 0.050984
0 0.555363 0.783962 0.079573 0.051702
0 0.645300 0.755795 0.077362 0.048926
0 0.389658 0.840352 0.032160 0.035337
