0 0.227259 0.421166 0.066203 0.059317
0 0.075406 0.386403 0.056406 0.065716
0 0.322111 0.297787 0.093812 0.045083
0 0.185252 0.266052 0.048094 0.046859
0 0.485097 0.061982 0.049281 0.042080
0 0.382080 0.375789 0.057002 0.059912
0 0.264814 0.522964 0.055219 0.054116
0 0.413105 0.499170 0.053141 0.048048
0 0.355362 0.691106 0.059377 0.059406
0 0.475597 0.644201 0.055219 0.049827
0 0.664411 0.631805 0.063531 0.060384
0 0.741005 0.626467 0.075406 0.067500
0 0.917350 0.602678 0.067094 0.064063
0 0.741005 0.441116 0.059969 0.057695
0 0.675395 0.404049 0.054623 0.046436
0 0.195048 0.718684 0.052250 0.057619
0 0.152595 0.635209 0.045717 0.041333
0 0.138047 0.613708 0.055813 0.046972
0 0.647638 0.899563 0.055516 0.069402
0 0.246111 0.847684 0.045125 0.045128
0 0.662184 0.672377 0.047203 0.045675
0 0.275798 0.805722 0.059375 0.048997
0 0.727052 0.289875 0.089063 0.093322
