0 0.989428 0.442387 0.021144 0.048417
0 0.817054 0.063581 0.044013 0.030362
0 0.123915 0.098549 0.068024 0.062163
0 0.045778 0.098334 0.036888 0.022371
0 0.050613 0.140917 0.049375 0.022505
0 0.386572 0.148407 0.074635 0.037793
0 0.392369 0.184577 0.114124 0.032535
0 0.405787 0.218737 0.106674 0.036885
0 0.301245 0.868886 0.067919 0.105428
0 0.462671 0.906752 0.050043 0.022230
0 0.459914 0.946764 0.046660 0.022864
0 0.397347 0.956716 0.034513 0.018403
0 0.349366 0.956654 0.049049 0.014079
0 0.238024 0.956770 0.064200 0.022896
0 0.069609 0.963211 0.046799 0.016456
0 0.466990 0.988592 0.051421 0.021670
0 0.861181 0.326086 0.055331 0.012425
