0 0.138656 0.323544 0.034929 0.078033
0 0.079228 0.326886 0.053336 0.055909
0 0.125300 0.576316 0.079077 0.057453
0 0.029010 0.607558 0.048939 0.062361
0 0.311439 0.457974 0.040132 0.065513
0 0.351400 0.249808 0.037324 0.060419
0 0.357442 0.314799 0.037609 0.046459
0 0.353103 0.160206 0.016932 0.055290
0 0.946541 0.645780 0.106918 0.083605
0 0.382642 0.920832 0.038167 0.069020
0 0.198209 0.988577 0.047709 0.022846
0 0.234048 0.759143 0.060085 0.085004
0 0.058070 0.884648 0.044448 0.034835
0 0.029766 0.959264 0.029029 0.045304
0 0.122801 0.894668 0.038981 0.035490
0 0.159010 0.904534 0.023185 0.040819
0 0.209575 0.826683 0.056385 0.038118
0 0.460255 0.490973 0.063488 0.035381
0 0.460107 0.459898 0.034563 0.029673
0 0.822047 0.538059 0.031574 0.096786
0 0.845946 0.490666 0.025345 0.116982
0 0.805606 0.424924 0.023421 0.062442
0 0.836718 0.404837 0.019790 0.043537
0 0.869006 0.428238 0.024371 0.037777
0 0.723508 0.108059 0.034972 0.030891
0 0.420413 0.636312 0.045496 0.039322
0 0.116861 0.462654 0.039464 0.026320
0 0.465213 0.436942 0.038042 0.026777
0 0.519091 0.357213 0.060564 0.035847
0 0.951751 0.455043 0.091051 0.097264
