0 0.039527 0.290780 0.044323 0.052906
0 0.940764 0.720760 0.075780 0.066860
0 0.782983 0.453607 0.048320 0.050460
0 0.744278 0.528604 0.045651 0.042661
0 0.807629 0.397266 0.052020 0.048310
0 0.321735 0.149600 0.075740 0.053313
0 0.026306 0.869704 0.052613 0.045070
0 0.097764 0.848781 0.065029 0.060794
0 0.025011 0.403100 0.035008 0.028596
0 0.030878 0.372754 0.041037 0.026710
0 0.036012 0.345661 0.042997 0.019903
0 0.287310 0.431632 0.061506 0.059424
0 0.134447 0.888899 0.059056 0.043420
0 0.517961 0.566294 0.042572 0.044119
0 0.639026 0.565821 0.143476 0.134032
0 0.659104 0.385071 0.052274 0.049057
0 0.017348 0.516737 0.030143 0.041326
