0 0.095170 0.026402 0.077260 0.052804
0 0.024406 0.039585 0.016471 0.048622
0 0.221294 0.543114 0.082571 0.057276
0 0.281144 0.424181 0.062161 0.105686
0 0.390990 0.553975 0.042247 0.050445
0 0.571684 0.348730 0.043657 0.042468
0 0.595792 0.782417 0.082204 0.091016
0 0.607119 0.966024 0.067148 0.056186
0 0.762003 0.783967 0.085651 0.066281
0 0.950796 0.652010 0.042625 0.059330
0 0.816487 0.295333 0.059046 0.075878
0 0.703644 0.230705 0.020904 0.036804
0 0.667630 0.215553 0.040394 0.029518
0 0.317778 0.957888 0.039423 0.049757
0 0.263663 0.730850 0.060792 0.047733
0 0.330016 0.203783 0.046339 0.050778
0 0.317541 0.241367 0.041123 0.035389
0 0.186291 0.411744 0.029422 0.056372
0 0.637998 0.117414 0.079540 0.077720
