0 0.680231 0.187637 0.064933 0.079189
0 0.755252 0.294753 0.082924 0.077365
0 0.905577 0.392497 0.071209 0.069729
0 0.461098 0.313558 0.086663 0.065736
0 0.343532 0.319213 0.058600 0.065695
0 0.221524 0.360938 0.042724 0.045205
0 0.188855 0.395720 0.052333 0.077787
0 0.455747 0.871480 0.064560 0.075782
0 0.383876 0.882872 0.051732 0.057863
0 0.280776 0.716088 0.026529 0.041708
0 0.255414 0.721285 0.028508 0.040834
0 0.235164 0.731046 0.026512 0.042763
0 0.400312 0.979989 0.032788 0.040022
0 0.753660 0.734076 0.031307 0.038612
0 0.735442 0.740910 0.025704 0.044254
0 0.716131 0.749299 0.028150 0.042708
0 0.695686 0.760956 0.029073 0.040359
0 0.218505 0.991953 0.045988 0.016095
0 0.299814 0.864160 0.054953 0.052771
0 0.084366 0.464027 0.038610 0.031466
