0 0.166256 0.071197 0.042034 0.052439
0 0.205549 0.089875 0.050518 0.044013
0 0.165917 0.313735 0.040300 0.045304
0 0.184293 0.361983 0.043618 0.053945
0 0.693741 0.616327 0.080385 0.093783
0 0.733164 0.781935 0.054853 0.077434
0 0.279040 0.391576 0.026228 0.041131
0 0.257480 0.401314 0.027480 0.033210
0 0.322731 0.472858 0.025354 0.039911
0 0.297230 0.482405 0.027214 0.037566
0 0.271945 0.493231 0.026788 0.035806
0 0.247260 0.501635 0.029298 0.035621
0 0.219425 0.511552 0.030584 0.036365
0 0.198771 0.521592 0.029281 0.031731
