0 0.888418 0.059028 0.082553 0.086196
0 0.699752 0.065849 0.063191 0.071948
0 0.806859 0.173743 0.049621 0.050128
0 0.972958 0.134071 0.054085 0.112058
0 0.987895 0.047782 0.024210 0.051754
0 0.935030 0.593666 0.048695 0.047914
0 0.841813 0.957301 0.033808 0.028655
0 0.851839 0.977708 0.036710 0.029851
0 0.574906 0.869784 0.093552 0.073317
0 0.551104 0.772318 0.046581 0.049544
0 0.607207 0.773020 0.053509 0.074482
0 0.604640 0.736155 0.043200 0.056722
0 0.437188 0.980560 0.064890 0.037632
0 0.220178 0.668310 0.056179 0.053678
0 0.112054 0.668764 0.053794 0.046752
0 0.256642 0.038717 0.074236 0.077435
0 0.622780 0.621232 0.041332 0.052076
0 0.768878 0.121661 0.102607 0.099722
0 0.975758 0.626800 0.042783 0.079181
