0 0.412419 0.357633 0.044471 0.058485
0 0.508867 0.678327 0.065369 0.062955
0 0.586696 0.923474 0.048348 0.063182
0 0.907872 0.794302 0.093942 0.050198
0 0.269976 0.089450 0.024642 0.074970
0 0.184401 0.016238 0.059438 0.032476
0 0.234133 0.020123 0.016330 0.022551
0 0.258328 0.012802 0.014818 0.018752
0 0.342821 0.176358 0.026477 0.071312
0 0.306649 0.194549 0.020079 0.063148
0 0.057565 0.340125 0.057724 0.038958
0 0.050067 0.288209 0.057217 0.040065
0 0.302367 0.414670 0.049310 0.055158
0 0.462059 0.522756 0.061345 0.045992
0 0.698458 0.575750 0.041426 0.030364
0 0.815806 0.587904 0.018852 0.039688
0 0.791383 0.572506 0.017101 0.025299
0 0.140804 0.476936 0.063272 0.045790
