0 0.244736 0.994321 0.067312 0.011358
0 0.542036 0.912522 0.070686 0.057685
0 0.770276 0.834081 0.071236 0.059379
0 0.761621 0.687465 0.047151 0.040671
0 0.790434 0.527423 0.036445 0.037158
0 0.513867 0.816041 0.038913 0.024132
0 0.130987 0.960897 0.054630 0.020942
0 0.114717 0.934187 0.075432 0.021274
0 0.133400 0.550783 0.047347 0.042891
0 0.148116 0.719348 0.069688 0.078991
0 0.088283 0.726135 0.072191 0.065017
0 0.317197 0.794225 0.054190 0.040288
0 0.931354 0.804176 0.036704 0.013242
0 0.995543 0.712437 0.008915 0.013693
0 0.996418 0.689020 0.007164 0.015105
0 0.997090 0.663959 0.005819 0.017952
