0 0.387677 0.114221 0.047215 0.052867
0 0.227994 0.113377 0.075352 0.078521
0 0.339445 0.448453 0.056097 0.062336
0 0.094892 0.571054 0.045663 0.055589
0 0.376984 0.776580 0.055135 0.076809
0 0.442261 0.635421 0.075827 0.080562
0 0.541045 0.204828 0.029383 0.073731
0 0.848115 0.277355 0.053518 0.047213
0 0.851247 0.211517 0.034601 0.045139
0 0.660755 0.304222 0.037725 0.036167
0 0.626029 0.261672 0.027653 0.039879
0 0.736976 0.259236 0.033453 0.032999
0 0.913742 0.413155 0.040973 0.049420
0 0.885944 0.157534 0.037119 0.043139
