0 0.742511 0.768521 0.075641 0.044134
0 0.614926 0.805729 0.070198 0.064383
0 0.476636 0.917958 0.060409 0.063206
0 0.688908 0.520374 0.048823 0.075462
0 0.719529 0.406460 0.061261 0.042409
0 0.717200 0.277107 0.042767 0.032345
0 0.695083 0.235934 0.075964 0.031019
0 0.161375 0.346131 0.078286 0.048991
0 0.172602 0.271522 0.055957 0.036213
0 0.362224 0.224355 0.038832 0.016719
0 0.364821 0.198711 0.037946 0.018345
0 0.362149 0.176986 0.040082 0.015833
0 0.066312 0.256676 0.058205 0.020379
0 0.198004 0.668719 0.037920 0.021362
0 0.198257 0.648822 0.041578 0.015738
0 0.195450 0.628245 0.041562 0.017609
0 0.190624 0.605234 0.038743 0.017981
0 0.102098 0.078867 0.040326 0.050893
0 0.215595 0.197681 0.044233 0.044566
0 0.662412 0.115591 0.024187 0.033050
