0 0.179547 0.619005 0.045024 0.068028
0 0.077585 0.682847 0.045967 0.046112
0 0.877703 0.984685 0.041743 0.030629
0 0.789029 0.785738 0.057561 0.062696
0 0.939204 0.851262 0.046047 0.046557
0 0.866049 0.540299 0.048119 0.037924
0 0.817118 0.384410 0.052515 0.045357
0 0.631448 0.216104 0.038606 0.044643
0 0.385882 0.267920 0.055089 0.044416
0 0.863035 0.362936 0.031831 0.050303
0 0.885900 0.373296 0.030940 0.046122
0 0.743861 0.734663 0.050126 0.046919
0 0.638825 0.855221 0.050417 0.044904
0 0.742840 0.985073 0.032685 0.029854
