0 0.361933 0.216167 0.118008 0.101434
0 0.339957 0.321994 0.088172 0.072943
0 0.570359 0.420906 0.098793 0.054364
0 0.618263 0.287555 0.102191 0.058259
0 0.797828 0.211316 0.081241 0.100709
0 0.777712 0.305545 0.077016 0.064739
0 0.597336 0.099899 0.031295 0.042037
0 0.323593 0.018603 0.071381 0.037206
0 0.243712 0.069754 0.071349 0.076109
0 0.367307 0.079204 0.051209 0.047495
0 0.241054 0.584248 0.085321 0.065017
0 0.534872 0.501515 0.079170 0.075021
0 0.858065 0.488270 0.071155 0.051329
0 0.840922 0.618417 0.080028 0.046001
0 0.478680 0.905461 0.054432 0.048186
0 0.451353 0.983696 0.054104 0.032609
0 0.597754 0.657987 0.067091 0.029427
0 0.593643 0.681497 0.063013 0.028561
0 0.340866 0.610311 0.086067 0.044833
0 0.536208 0.664481 0.053572 0.051789
0 0.446912 0.637992 0.069067 0.027959
0 0.383551 0.491093 0.049816 0.072907
0 0.045272 0.286721 0.028607 0.038817
0 0.977053 0.586218 0.040112 0.059467
