0 0.228641 0.704249 0.057232 0.045442
0 0.101033 0.887025 0.050929 0.028135
0 0.231547 0.655313 0.048999 0.039795
0 0.255403 0.580719 0.054835 0.062601
0 0.156965 0.513177 0.033658 0.034036
0 0.151927 0.660302 0.041963 0.047622
0 0.666288 0.884254 0.036645 0.035525
0 0.820438 0.903570 0.039786 0.039731
0 0.756907 0.897270 0.029776 0.039761
0 0.302184 0.302558 0.079420 0.048258
0 0.284867 0.257502 0.037731 0.042383
0 0.391937 0.261186 0.040186 0.055323
0 0.366957 0.187144 0.074821 0.071549
0 0.220983 0.106892 0.052535 0.040798
0 0.167295 0.247403 0.053474 0.058607
0 0.062193 0.288223 0.031456 0.035686
0 0.097306 0.295247 0.026736 0.034779
0 0.128750 0.377565 0.037875 0.041702
0 0.066121 0.370318 0.032595 0.040101
0 0.367655 0.110880 0.037450 0.058830
0 0.110086 0.090131 0.079827 0.024504
0 0.403455 0.013289 0.074042 0.026577
0 0.778728 0.210889 0.089344 0.047581
0 0.821171 0.094679 0.039206 0.039001
0 0.621889 0.319734 0.042549 0.054059
0 0.762741 0.158563 0.058045 0.059771
0 0.697554 0.694286 0.038436 0.045196
0 0.818160 0.653297 0.061385 0.033939
0 0.989022 0.547215 0.019858 0.016597
0 0.991500 0.512147 0.017000 0.018896
0 0.594657 0.466970 0.035066 0.040667
0 0.586882 0.684987 0.059451 0.046946
0 0.561858 0.751463 0.056882 0.037791
