0 0.355936 0.495659 0.135633 0.136687
0 0.098140 0.851437 0.042919 0.048166
0 0.528319 0.491113 0.074567 0.090843
0 0.614409 0.675600 0.043674 0.049258
0 0.900716 0.484641 0.060910 0.074118
0 0.731915 0.620118 0.051269 0.054280
0 0.978845 0.108464 0.042309 0.061555
0 0.879738 0.171987 0.067249 0.063761
0 0.943802 0.396667 0.056356 0.072368
0 0.919566 0.933298 0.031765 0.055392
0 0.387250 0.420858 0.020161 0.021633
0 0.432793 0.401360 0.042814 0.037630
0 0.456799 0.427889 0.035487 0.035050
0 0.464093 0.382607 0.020075 0.021532
0 0.475865 0.460214 0.021958 0.021359
0 0.607385 0.344283 0.019025 0.034120
0 0.684544 0.857970 0.021283 0.063626
0 0.721386 0.489493 0.020515 0.021119
0 0.700574 0.477565 0.019988 0.018986
0 0.676454 0.470522 0.017727 0.017608
0 0.665261 0.844065 0.022850 0.033534
0 0.973633 0.535315 0.052733 0.056708
