0 0.723930 0.143285 0.149978 0.083042
0 0.791266 0.195432 0.056189 0.042075
0 0.839334 0.904927 0.044816 0.068083
0 0.800418 0.956959 0.059260 0.039865
0 0.496602 0.712161 0.020110 0.040716
0 0.476253 0.711857 0.020969 0.038666
0 0.453770 0.711074 0.019240 0.040978
0 0.451527 0.308686 0.014978 0.038856
0 0.423850 0.321019 0.018042 0.034751
0 0.394267 0.329903 0.016796 0.036445
0 0.364490 0.340962 0.018968 0.040040
0 0.303543 0.501710 0.071754 0.081784
0 0.525003 0.092078 0.024115 0.120630
0 0.593157 0.176336 0.019480 0.037379
0 0.568773 0.166235 0.020348 0.026625
0 0.496852 0.085899 0.019124 0.086159
0 0.386771 0.135846 0.022048 0.103280
0 0.441104 0.186973 0.018006 0.023599
0 0.347040 0.138835 0.022009 0.072137
0 0.352237 0.215718 0.015287 0.050855
0 0.311128 0.142855 0.015309 0.037771
0 0.512496 0.219767 0.018398 0.034129
0 0.517280 0.289031 0.056052 0.047489
0 0.446629 0.223291 0.052886 0.032691
0 0.641322 0.093822 0.050641 0.053327
0 0.740007 0.076115 0.034839 0.060132
0 0.682316 0.916057 0.037815 0.048827
0 0.680077 0.964999 0.040269 0.045670
