0 0.981562 0.530283 0.036875 0.065530
0 0.752226 0.383536 0.074252 0.047056
0 0.550716 0.684775 0.060353 0.069446
0 0.499353 0.458279 0.041092 0.045947
0 0.432944 0.527179 0.041290 0.063173
0 0.503042 0.246990 0.036395 0.040828
0 0.330233 0.667572 0.036559 0.041352
0 0.196288 0.566514 0.047330 0.061012
0 0.275024 0.571054 0.064325 0.050078
0 0.427490 0.753356 0.024736 0.037481
0 0.455742 0.648206 0.030842 0.075125
0 0.254067 0.903621 0.064665 0.055711
0 0.289311 0.791259 0.062216 0.044333
0 0.100643 0.445985 0.021840 0.058321
0 0.080015 0.443488 0.027525 0.059159
0 0.106841 0.152177 0.044683 0.081569
0 0.067569 0.135368 0.049235 0.068330
0 0.106544 0.088840 0.029014 0.055615
0 0.079180 0.083066 0.034483 0.058201
0 0.368706 0.043624 0.057210 0.040605
0 0.092770 0.868432 0.018269 0.033574
