0 0.317510 0.157641 0.074277 0.054851
0 0.697600 0.046106 0.052543 0.039484
0 0.517620 0.226193 0.056128 0.063204
0 0.827019 0.116643 0.058994 0.065385
0 0.894799 0.085904 0.085131 0.067020
0 0.943309 0.206320 0.059160 0.055754
0 0.966134 0.451277 0.062845 0.070268
0 0.913061 0.536034 0.044071 0.051256
0 0.896920 0.702410 0.059162 0.047359
0 0.688913 0.732282 0.079958 0.068643
0 0.758306 0.665027 0.068981 0.065111
0 0.278234 0.639517 0.067852 0.067699
0 0.920161 0.595694 0.050956 0.046953
0 0.832534 0.518765 0.065750 0.058220
0 0.792530 0.515120 0.048256 0.038798
