0 0.170230 0.268796 0.045749 0.079922
0 0.111534 0.263203 0.061335 0.057651
0 0.117629 0.516681 0.079418 0.065519
0 0.022860 0.531645 0.045719 0.064952
0 0.320268 0.428915 0.048872 0.067977
0 0.391653 0.226984 0.044887 0.059152
0 0.388332 0.294633 0.031543 0.043020
0 0.408140 0.142652 0.025227 0.054447
0 0.919071 0.713918 0.103163 0.095297
0 0.316700 0.896864 0.045388 0.072364
0 0.122110 0.939578 0.053540 0.036313
0 0.196519 0.714612 0.069711 0.085084
0 0.013312 0.812668 0.026624 0.036646
0 0.065866 0.830874 0.042245 0.039748
0 0.099712 0.846324 0.027070 0.041098
0 0.162013 0.777512 0.055674 0.045201
0 0.462489 0.484681 0.066492 0.041460
0 0.466663 0.454133 0.036372 0.033445
0 0.812183 0.587735 0.017788 0.095844
0 0.843599 0.545355 0.025068 0.115756
0 0.814496 0.473833 0.019874 0.060951
0 0.848049 0.459308 0.019926 0.041987
0 0.875805 0.486112 0.018488 0.039062
0 0.781537 0.149707 0.038309 0.032196
0 0.400288 0.622563 0.046114 0.041005
0 0.127093 0.402589 0.041657 0.030509
0 0.475452 0.432495 0.040198 0.031591
0 0.541554 0.362259 0.060056 0.042502
0 0.954289 0.526974 0.089684 0.100831
