0 0.932346 0.307906 0.046487 0.049380
0 0.838369 0.647922 0.065723 0.074271
0 0.763235 0.597653 0.048120 0.057199
0 0.615023 0.542000 0.040068 0.046059
0 0.964580 0.413406 0.034931 0.040603
0 0.159509 0.457778 0.036349 0.042364
0 0.219263 0.442136 0.038178 0.046552
0 0.246656 0.752376 0.029912 0.043200
0 0.485781 0.847375 0.040101 0.029717
0 0.567520 0.830400 0.033013 0.039662
0 0.103849 0.163413 0.032405 0.062120
0 0.058322 0.133326 0.024053 0.039466
0 0.738206 0.880731 0.042899 0.037906
0 0.569258 0.921852 0.041929 0.045717
