0 0.099574 0.116182 0.073055 0.072873
0 0.060879 0.561388 0.060731 0.059871
0 0.260798 0.142216 0.064410 0.066897
0 0.341024 0.089593 0.052184 0.050963
0 0.763068 0.020849 0.065031 0.041697
0 0.973521 0.103320 0.012820 0.048864
0 0.951540 0.230199 0.070207 0.067652
0 0.979481 0.793802 0.041038 0.042647
0 0.983019 0.838909 0.033962 0.038815
0 0.885059 0.512800 0.045801 0.045127
0 0.879829 0.583435 0.037788 0.035147
0 0.225144 0.611560 0.065224 0.060311
0 0.052409 0.459884 0.041965 0.043652
0 0.396826 0.835662 0.045365 0.043979
0 0.393733 0.909864 0.049295 0.054871
0 0.697936 0.950376 0.033611 0.039411
