0 0.383548 0.016619 0.049878 0.024684
0 0.028109 0.237261 0.035327 0.042811
0 0.147656 0.922078 0.068540 0.074482
0 0.153024 0.990772 0.018692 0.018456
0 0.196914 0.981962 0.022120 0.036077
0 0.164671 0.656491 0.046248 0.071595
0 0.199792 0.645283 0.044176 0.112505
0 0.232320 0.627860 0.049110 0.104612
0 0.890109 0.652121 0.109639 0.079745
0 0.906649 0.487832 0.019905 0.048280
0 0.945967 0.485659 0.021869 0.048461
0 0.965487 0.546174 0.021802 0.035607
0 0.971733 0.593827 0.018773 0.050335
0 0.985117 0.704272 0.029765 0.065938
0 0.988199 0.472356 0.022252 0.050993
0 0.283328 0.161967 0.018560 0.054955
