0 0.513443 0.643613 0.137872 0.137941
0 0.897469 0.855743 0.049311 0.044991
0 0.487591 0.472981 0.089676 0.079507
0 0.660601 0.365439 0.050684 0.046051
0 0.435949 0.104082 0.073176 0.055850
0 0.590541 0.255267 0.056363 0.052026
0 0.051609 0.062367 0.059597 0.059105
0 0.128155 0.162956 0.060472 0.066723
0 0.343490 0.072167 0.070774 0.052371
0 0.878386 0.030760 0.054406 0.025819
0 0.435060 0.621798 0.020689 0.019268
0 0.410223 0.578830 0.039260 0.040880
0 0.433637 0.551824 0.035983 0.033267
0 0.387904 0.550251 0.021908 0.019880
0 0.463590 0.528963 0.021439 0.021605
0 0.332554 0.412273 0.035792 0.014965
0 0.831932 0.273672 0.063969 0.016348
0 0.462413 0.281650 0.020534 0.019774
0 0.453401 0.303948 0.018224 0.019203
0 0.449195 0.328388 0.016975 0.016653
0 0.821594 0.294091 0.033858 0.020269
0 0.476333 0.025675 0.052314 0.051350
