0 0.874852 0.682612 0.044613 0.049381
0 0.911275 0.778637 0.042859 0.054343
0 0.440089 0.856802 0.087853 0.080179
0 0.305648 0.759699 0.029191 0.075689
0 0.332684 0.951272 0.036659 0.058811
0 0.225998 0.947836 0.037212 0.041730
0 0.648188 0.123970 0.046310 0.070483
0 0.570253 0.201746 0.053507 0.052725
0 0.388647 0.255829 0.035929 0.042632
0 0.407857 0.016229 0.043539 0.021442
0 0.352015 0.026314 0.063898 0.033642
0 0.773320 0.897818 0.042342 0.057951
0 0.712974 0.914251 0.038179 0.053035
0 0.723123 0.757529 0.037697 0.039285
0 0.644257 0.850134 0.034481 0.038808
0 0.491409 0.705497 0.021595 0.023453
0 0.543398 0.864192 0.035614 0.042684
0 0.188594 0.891059 0.024423 0.035280
0 0.164782 0.761641 0.021724 0.038122
0 0.127659 0.772669 0.022840 0.034314
0 0.368039 0.145316 0.066456 0.084227
0 0.247409 0.340817 0.060880 0.052133
