0 0.745880 0.275570 0.031798 0.113670
0 0.816465 0.176641 0.044890 0.045195
0 0.702618 0.298147 0.103133 0.123047
0 0.674539 0.316463 0.049913 0.075194
0 0.658804 0.954653 0.035357 0.077526
0 0.613310 0.961268 0.034579 0.076406
0 0.567417 0.962529 0.035478 0.058783
0 0.348577 0.913003 0.042581 0.046192
0 0.429023 0.981646 0.028817 0.032575
0 0.400775 0.979604 0.019718 0.034855
0 0.378053 0.986198 0.017287 0.021508
0 0.380280 0.965781 0.023530 0.021851
0 0.395090 0.842681 0.087454 0.048764
0 0.444899 0.689219 0.077545 0.093842
0 0.155336 0.426695 0.026615 0.081782
