0 0.988699 0.425609 0.022601 0.048589
0 0.801719 0.052757 0.043175 0.031830
0 0.110170 0.112000 0.069978 0.064084
0 0.032223 0.114480 0.036457 0.023546
0 0.038355 0.156785 0.050131 0.020837
0 0.374067 0.152528 0.073878 0.040272
0 0.381422 0.188453 0.113835 0.035918
0 0.396008 0.222198 0.106246 0.040442
0 0.314296 0.875527 0.071409 0.106795
0 0.476824 0.907827 0.049544 0.020630
0 0.475210 0.947543 0.046787 0.021963
0 0.413223 0.959745 0.034597 0.019046
0 0.365404 0.961513 0.049492 0.015134
0 0.254149 0.965617 0.064796 0.024963
0 0.086269 0.977232 0.046882 0.016247
0 0.484137 0.989350 0.051031 0.020089
0 0.855104 0.313470 0.055308 0.013988
