0 0.182268 0.763851 0.047152 0.042333
0 0.032113 0.644852 0.064226 0.060609
0 0.219503 0.679891 0.048115 0.043538
0 0.716969 0.858347 0.040921 0.045051
0 0.810592 0.240974 0.057855 0.051940
0 0.712027 0.287681 0.075375 0.062670
0 0.703025 0.707124 0.051443 0.040150
0 0.693000 0.544999 0.042664 0.035912
0 0.696695 0.240342 0.075122 0.043352
0 0.480746 0.505733 0.058817 0.026601
0 0.566457 0.260224 0.058412 0.033016
0 0.506528 0.279285 0.058742 0.022272
0 0.403441 0.141096 0.041222 0.038073
0 0.667860 0.192517 0.041136 0.033660
0 0.689844 0.204546 0.039287 0.034142
0 0.251973 0.339053 0.041614 0.022855
