0 0.180316 0.952223 0.072613 0.074983
0 0.056780 0.523552 0.059087 0.061864
0 0.333971 0.897372 0.062281 0.068110
0 0.421590 0.933537 0.050838 0.050877
0 0.859027 0.927023 0.083939 0.055303
0 0.979281 0.683955 0.041438 0.063540
0 0.920984 0.117723 0.060188 0.052996
0 0.918299 0.071469 0.054471 0.045260
0 0.875479 0.413853 0.051211 0.049056
0 0.856946 0.345391 0.042243 0.039831
0 0.208623 0.443481 0.063598 0.062866
0 0.067408 0.624262 0.041954 0.044307
0 0.334482 0.190864 0.050211 0.047769
0 0.317841 0.117793 0.054903 0.058909
0 0.608592 0.020726 0.038214 0.041453
