0 0.793938 0.706023 0.074367 0.071718
0 0.965337 0.511809 0.068596 0.087112
0 0.974955 0.916437 0.050089 0.085222
0 0.434660 0.664278 0.068709 0.046615
0 0.048356 0.617160 0.073888 0.095183
0 0.237121 0.928753 0.048618 0.059785
0 0.279485 0.911833 0.045607 0.058890
0 0.389361 0.745904 0.113925 0.032079
0 0.290714 0.627460 0.055054 0.054749
0 0.060348 0.462770 0.083101 0.047792
0 0.129423 0.442544 0.039785 0.034631
0 0.204288 0.525552 0.064615 0.030186
0 0.185832 0.376260 0.063548 0.029225
0 0.231424 0.255857 0.069516 0.052648
0 0.197396 0.307162 0.093833 0.060291
0 0.832022 0.554769 0.069676 0.040046
0 0.953529 0.441785 0.079117 0.045370
0 0.971075 0.420302 0.048951 0.034459
0 0.818690 0.071246 0.053040 0.069607
0 0.945144 0.050217 0.039826 0.057099
0 0.580504 0.189201 0.063664 0.062942
0 0.312135 0.069544 0.055130 0.048623
0 0.542213 0.490378 0.046285 0.047936
