0 0.900932 0.231973 0.115989 0.048416
0 0.951267 0.946840 0.097466 0.048282
0 0.573744 0.869950 0.134047 0.047948
0 0.608861 0.767166 0.058514 0.045128
0 0.575002 0.568298 0.086830 0.044701
0 0.637772 0.322164 0.093778 0.045281
0 0.514839 0.309066 0.080698 0.050582
0 0.183414 0.200952 0.054060 0.047512
0 0.050826 0.737727 0.053798 0.030173
0 0.186464 0.360003 0.082750 0.063484
0 0.364989 0.290586 0.046119 0.046032
0 0.367110 0.594479 0.093170 0.087841
0 0.205036 0.816934 0.053571 0.012945
0 0.207061 0.845033 0.052696 0.019424
0 0.206216 0.879246 0.056246 0.019111
0 0.415785 0.923688 0.039589 0.014700
