0 0.684314 0.211566 0.067733 0.043784
0 0.766994 0.122248 0.042070 0.043355
0 0.900661 0.970649 0.047647 0.047928
0 0.718967 0.842162 0.063548 0.064302
0 0.750755 0.987828 0.041747 0.024343
0 0.463995 0.865716 0.035823 0.043296
0 0.320207 0.786058 0.043534 0.050594
0 0.195185 0.570291 0.043538 0.038251
0 0.297156 0.340769 0.044207 0.053115
0 0.290997 0.826174 0.050126 0.024858
0 0.295741 0.851362 0.047038 0.023467
0 0.679523 0.787592 0.046469 0.045833
0 0.818687 0.709906 0.048925 0.052095
0 0.938589 0.846163 0.057751 0.050132
