0 0.521019 0.642763 0.137750 0.138302
0 0.915420 0.834313 0.049578 0.045675
0 0.486136 0.473662 0.088766 0.081266
0 0.653426 0.357401 0.051064 0.046861
0 0.415331 0.107953 0.072437 0.053422
0 0.577425 0.250881 0.057000 0.052113
0 0.029242 0.086616 0.058484 0.056945
0 0.111032 0.182832 0.058783 0.066192
0 0.321369 0.080980 0.069766 0.050420
0 0.853075 0.011573 0.053734 0.023147
0 0.441455 0.625127 0.020189 0.018797
0 0.414440 0.583461 0.039780 0.039862
0 0.436409 0.555290 0.036219 0.032161
0 0.390691 0.556180 0.021969 0.019705
0 0.465206 0.530904 0.021375 0.021355
0 0.328197 0.420870 0.036516 0.016016
0 0.819231 0.256561 0.063828 0.019575
0 0.450955 0.283952 0.020189 0.019366
0 0.443237 0.306786 0.017814 0.018778
0 0.440269 0.331252 0.016625 0.016116
0 0.810474 0.277576 0.033842 0.019067
0 0.451253 0.026403 0.050469 0.052806
