0 0.417267 0.570559 0.054422 0.071899
0 0.468599 0.449319 0.046871 0.039154
0 0.746382 0.490200 0.070502 0.057773
0 0.713884 0.153925 0.102057 0.060625
0 0.494572 0.069355 0.058042 0.044512
0 0.674114 0.050048 0.114691 0.073087
0 0.977812 0.257567 0.044377 0.038602
0 0.986272 0.168276 0.027457 0.036206
0 0.923060 0.224953 0.036835 0.032147
0 0.243097 0.337057 0.117209 0.059541
0 0.629387 0.968086 0.039485 0.034278
0 0.055907 0.837869 0.055084 0.035254
0 0.115346 0.532007 0.037048 0.071975
0 0.035263 0.523415 0.044456 0.043613
0 0.096738 0.341489 0.050619 0.065093
0 0.281807 0.013741 0.073925 0.027481
