0 0.208965 0.186798 0.118898 0.053453
0 0.354022 0.147304 0.082041 0.056423
0 0.498038 0.401797 0.061530 0.052266
0 0.201385 0.593334 0.078177 0.055234
0 0.013377 0.629859 0.026753 0.040388
0 0.221895 0.730826 0.058556 0.029695
0 0.224422 0.758739 0.057072 0.033259
0 0.220855 0.855845 0.095119 0.064736
0 0.702099 0.968427 0.048155 0.060652
0 0.957584 0.903951 0.038939 0.036230
0 0.925331 0.976706 0.040425 0.043950
0 0.683966 0.740922 0.067773 0.033259
0 0.660781 0.715384 0.039238 0.027320
0 0.781909 0.453467 0.040722 0.068894
0 0.806284 0.450794 0.032400 0.056422
0 0.834671 0.433867 0.043398 0.066519
