0 0.832236 0.214149 0.071407 0.075721
0 0.756567 0.203550 0.054099 0.055721
0 0.609691 0.091228 0.047184 0.042597
0 0.538755 0.305953 0.084498 0.079374
0 0.759461 0.423200 0.059601 0.053295
0 0.905826 0.494350 0.039659 0.039109
0 0.939062 0.513346 0.034261 0.045118
0 0.757887 0.674777 0.055806 0.061292
0 0.876315 0.555145 0.039217 0.050368
0 0.520669 0.890218 0.043817 0.057549
0 0.110114 0.838527 0.051807 0.053484
0 0.123576 0.555693 0.043588 0.048771
0 0.207991 0.595876 0.036497 0.042901
0 0.363638 0.154977 0.052892 0.047148
0 0.022605 0.584582 0.031517 0.036643
0 0.383674 0.197850 0.038261 0.042233
0 0.413855 0.112781 0.037512 0.028796
0 0.270819 0.697243 0.019532 0.039026
0 0.304140 0.702141 0.020771 0.034524
0 0.611945 0.786312 0.043201 0.043889
0 0.544949 0.652356 0.034770 0.038828
0 0.573875 0.661384 0.031771 0.037545
0 0.792191 0.629949 0.042392 0.042847
