0 0.881313 0.898955 0.060554 0.063207
0 0.175673 0.662236 0.033068 0.043512
0 0.150562 0.707268 0.057489 0.031516
0 0.366329 0.095431 0.088288 0.094933
0 0.848503 0.099792 0.051108 0.038778
0 0.783895 0.115979 0.056234 0.029488
0 0.805245 0.032013 0.065865 0.035864
0 0.908728 0.334982 0.064967 0.068152
0 0.681485 0.635089 0.049900 0.047378
0 0.512498 0.697530 0.051898 0.049547
0 0.327369 0.794424 0.046653 0.041985
0 0.576636 0.758153 0.042653 0.041394
0 0.876807 0.738587 0.052837 0.050473
0 0.860260 0.200350 0.051480 0.051536
0 0.767789 0.874356 0.034435 0.032983
0 0.787064 0.862008 0.038061 0.039407
0 0.771127 0.766736 0.035870 0.027931
0 0.871531 0.800354 0.041559 0.027206
0 0.585525 0.094037 0.044449 0.040810
