0 0.711748 0.112249 0.060532 0.080984
0 0.808414 0.142303 0.065044 0.040739
0 0.680585 0.005877 0.041964 0.011754
0 0.944819 0.221440 0.063245 0.056433
0 0.965998 0.279095 0.029733 0.035247
0 0.789247 0.558967 0.041417 0.081641
0 0.506237 0.607904 0.047022 0.039417
0 0.453640 0.551691 0.032243 0.038115
0 0.440982 0.436406 0.058179 0.017429
0 0.230577 0.706743 0.041956 0.038742
0 0.106133 0.603821 0.053985 0.024929
0 0.176595 0.796505 0.078659 0.015698
0 0.499158 0.211514 0.061966 0.035439
0 0.439412 0.191265 0.055157 0.055957
0 0.083930 0.230104 0.086114 0.043427
0 0.612937 0.092548 0.037874 0.084334
0 0.895481 0.947839 0.039388 0.028328
0 0.039118 0.388740 0.078235 0.037564
0 0.415187 0.904766 0.041897 0.018837
0 0.411998 0.931349 0.050504 0.021211
