0 0.246495 0.978139 0.035054 0.043721
0 0.281184 0.954669 0.045051 0.039689
0 0.203431 0.742042 0.035438 0.044159
0 0.212899 0.690524 0.036604 0.052420
0 0.671379 0.350579 0.070901 0.086423
0 0.680943 0.182553 0.045825 0.072033
0 0.301175 0.644667 0.021436 0.040559
0 0.278019 0.638999 0.023695 0.033202
0 0.330319 0.557344 0.020656 0.039047
0 0.303095 0.552477 0.022642 0.036672
0 0.276898 0.546106 0.022785 0.034891
0 0.250684 0.541771 0.023813 0.034912
0 0.221201 0.536806 0.025636 0.035110
0 0.199510 0.531475 0.025048 0.031391
