0 0.091355 0.793938 0.069136 0.070296
0 0.203777 0.908313 0.063398 0.061557
0 0.278347 0.705010 0.067463 0.063634
0 0.313546 0.677628 0.042583 0.032638
0 0.324219 0.650804 0.027965 0.022350
0 0.346356 0.633349 0.064171 0.064001
0 0.072404 0.421442 0.069566 0.071097
0 0.117890 0.234397 0.069291 0.070919
0 0.124401 0.133973 0.075671 0.077409
0 0.323077 0.469057 0.052897 0.056581
0 0.164547 0.627338 0.068877 0.058891
0 0.437696 0.887889 0.038116 0.044368
0 0.558121 0.808100 0.054728 0.056228
0 0.303318 0.374727 0.035916 0.034860
0 0.322566 0.354596 0.035449 0.036299
0 0.210863 0.561871 0.036473 0.030060
0 0.617377 0.380090 0.058046 0.051848
0 0.593038 0.344609 0.038228 0.037629
0 0.792412 0.694239 0.034982 0.053270
0 0.228803 0.542419 0.021288 0.019771
0 0.554428 0.563133 0.042523 0.043377
0 0.290576 0.160126 0.038153 0.025857
0 0.307226 0.143978 0.017358 0.016338
0 0.360880 0.216897 0.020749 0.014401
0 0.368089 0.199427 0.018892 0.017918
0 0.337491 0.218410 0.025375 0.020697
0 0.169686 0.283062 0.059850 0.049445
