0 0.873450 0.284485 0.043659 0.063476
0 0.959333 0.540322 0.072491 0.053504
0 0.736637 0.416434 0.074586 0.046109
0 0.478566 0.432885 0.076154 0.052602
0 0.426671 0.865702 0.045240 0.055065
0 0.859637 0.878605 0.097134 0.055010
0 0.692006 0.629615 0.065988 0.071366
0 0.416436 0.595401 0.078105 0.089253
0 0.282272 0.469354 0.076089 0.093710
0 0.132583 0.855541 0.048269 0.066603
0 0.039463 0.898347 0.078925 0.044773
0 0.164677 0.928643 0.044983 0.031145
0 0.353940 0.057927 0.041655 0.063563
0 0.180827 0.192845 0.056650 0.057613
0 0.979824 0.478531 0.040353 0.044386
