0 0.405135 0.030808 0.084674 0.061616
0 0.767582 0.791682 0.053384 0.044282
0 0.705213 0.734971 0.043249 0.071387
0 0.207473 0.826405 0.041591 0.073083
0 0.036481 0.831550 0.041122 0.117490
0 0.222935 0.264093 0.034546 0.042963
0 0.740030 0.203638 0.065002 0.067353
0 0.817765 0.842633 0.045326 0.049341
0 0.805850 0.604981 0.025698 0.074504
0 0.907409 0.668918 0.024077 0.046063
0 0.152489 0.840030 0.046425 0.056442
0 0.498923 0.361482 0.092505 0.038787
0 0.364592 0.343123 0.056809 0.078808
0 0.394689 0.144683 0.045362 0.051557
0 0.327675 0.007104 0.041640 0.014207
