0 0.778696 0.725918 0.075719 0.073290
0 0.963662 0.544619 0.071714 0.087806
0 0.949836 0.948672 0.064538 0.086864
0 0.423521 0.659292 0.069833 0.049530
0 0.041408 0.584832 0.076859 0.096572
0 0.207896 0.909354 0.051081 0.059921
0 0.251309 0.895542 0.048100 0.058753
0 0.261904 0.985564 0.048694 0.028872
0 0.372394 0.737434 0.113581 0.039181
0 0.282308 0.612288 0.056170 0.056675
0 0.063911 0.431657 0.086022 0.052155
0 0.135483 0.416454 0.039806 0.033183
0 0.203223 0.505070 0.064737 0.033581
0 0.194364 0.354248 0.063701 0.029231
0 0.249407 0.237899 0.070233 0.055169
0 0.211704 0.286627 0.094587 0.064296
0 0.827428 0.577913 0.068602 0.043997
0 0.956546 0.473755 0.077621 0.049320
0 0.975365 0.453556 0.048017 0.037392
0 0.848045 0.094447 0.055768 0.070632
0 0.974351 0.082778 0.037914 0.058909
0 0.601945 0.195560 0.065974 0.063817
0 0.342436 0.057451 0.056662 0.050090
0 0.542954 0.493278 0.047286 0.048528
