0 0.847928 0.529049 0.185772 0.150293
0 0.901426 0.175415 0.100551 0.086735
0 0.782176 0.042617 0.051117 0.052007
0 0.487599 0.061379 0.079916 0.074230
0 0.500932 0.278277 0.079176 0.079419
0 0.384900 0.246803 0.057157 0.051410
0 0.190054 0.106952 0.057045 0.053186
0 0.572892 0.020821 0.067146 0.041643
0 0.942475 0.638638 0.066239 0.074355
0 0.844819 0.802326 0.169981 0.157956
0 0.777793 0.864237 0.057730 0.052296
0 0.964687 0.974132 0.070625 0.034409
0 0.980425 0.730168 0.039150 0.073008
0 0.600716 0.567947 0.064024 0.062729
0 0.525588 0.497143 0.065855 0.064653
0 0.651897 0.711627 0.076989 0.072833
0 0.698479 0.966066 0.078546 0.059017
0 0.549545 0.963513 0.098316 0.067190
0 0.341255 0.892014 0.080403 0.080689
0 0.535626 0.717227 0.072810 0.073622
0 0.219981 0.852898 0.072647 0.071939
0 0.193268 0.691160 0.074095 0.067468
0 0.224521 0.517716 0.068678 0.067414
0 0.305548 0.447170 0.107402 0.094183
0 0.361267 0.473130 0.052950 0.050515
0 0.423643 0.558414 0.079089 0.091034
0 0.426990 0.633581 0.049491 0.044025
0 0.292836 0.946189 0.073981 0.067911
0 0.307708 0.979122 0.083888 0.041755
0 0.080421 0.190027 0.054328 0.046840
0 0.716042 0.570136 0.051169 0.051712
0 0.624155 0.653660 0.092923 0.080118
0 0.672743 0.900220 0.049522 0.048091
