0 0.600254 0.264224 0.045057 0.114995
0 0.536092 0.591976 0.078725 0.049018
0 0.596629 0.678992 0.075011 0.048913
0 0.160853 0.434817 0.057545 0.037233
0 0.874051 0.407035 0.045522 0.081062
0 0.841233 0.225730 0.061368 0.075973
0 0.629162 0.267393 0.022710 0.055257
0 0.571826 0.105006 0.033023 0.031592
0 0.176274 0.075630 0.018042 0.038445
0 0.154740 0.084419 0.016189 0.037426
0 0.265707 0.144501 0.041439 0.033069
0 0.319134 0.115439 0.020942 0.084275
0 0.295771 0.131484 0.020818 0.061055
0 0.761643 0.254785 0.040640 0.143673
0 0.797109 0.554551 0.019158 0.045118
0 0.753336 0.552922 0.019919 0.046266
