0 0.676729 0.893071 0.197798 0.112305
0 0.704063 0.953554 0.188687 0.090614
0 0.772970 0.984666 0.083523 0.028391
0 0.768414 0.707917 0.080486 0.051600
0 0.759303 0.656941 0.083523 0.034637
0 0.495825 0.405354 0.203493 0.302428
0 0.714504 0.531112 0.133637 0.183636
0 0.842066 0.639624 0.072893 0.051600
0 0.826121 0.585973 0.068337 0.062678
0 0.811694 0.536255 0.075931 0.063405
0 0.795749 0.483879 0.074411 0.061854
0 0.710707 0.409120 0.201975 0.112664
0 0.677108 0.296634 0.219818 0.215506
0 0.917997 0.100549 0.051633 0.038841
