0 0.976367 0.468493 0.047265 0.039275
0 0.617880 0.117971 0.073690 0.056011
0 0.639358 0.027391 0.079456 0.054782
0 0.401698 0.109865 0.102106 0.071866
0 0.518180 0.046321 0.109878 0.049907
0 0.087913 0.436100 0.056523 0.066553
0 0.057742 0.504966 0.115483 0.039652
0 0.079434 0.668057 0.053394 0.083931
0 0.150111 0.898248 0.108220 0.084665
0 0.463197 0.847605 0.066345 0.041752
0 0.537119 0.813800 0.074052 0.036375
0 0.673152 0.877930 0.094088 0.070340
0 0.647284 0.692292 0.073683 0.029392
0 0.421934 0.510811 0.080325 0.033309
0 0.424786 0.470480 0.075941 0.019576
0 0.354175 0.526140 0.040477 0.031132
0 0.351202 0.483520 0.038296 0.017745
0 0.273584 0.877297 0.078047 0.052120
0 0.794344 0.133266 0.077875 0.052003
