0 0.896525 0.702034 0.041340 0.082570
0 0.845271 0.776636 0.038190 0.062752
0 0.954187 0.637459 0.059121 0.059787
0 0.968388 0.555985 0.039944 0.046361
0 0.958955 0.508754 0.037437 0.044770
0 0.707407 0.550063 0.042938 0.082644
0 0.729197 0.312466 0.069809 0.046989
0 0.635801 0.094093 0.055258 0.077789
0 0.611633 0.799084 0.041267 0.061358
0 0.770693 0.871752 0.041168 0.048460
0 0.708202 0.776294 0.024563 0.046673
0 0.726214 0.660041 0.079705 0.060204
0 0.371923 0.844158 0.037473 0.095898
0 0.367792 0.678246 0.076029 0.059459
0 0.082499 0.483601 0.037657 0.035348
0 0.079037 0.052374 0.051417 0.054686
0 0.186206 0.144293 0.033836 0.041947
0 0.349996 0.179336 0.033195 0.075700
0 0.403168 0.021369 0.034409 0.042738
0 0.027740 0.529636 0.055481 0.149769
0 0.242289 0.932978 0.039926 0.057747
0 0.968575 0.304550 0.021543 0.078113
