0 0.143285 0.276070 0.083042 0.149978
0 0.195432 0.208734 0.042075 0.056189
0 0.904927 0.160666 0.068083 0.044816
0 0.956959 0.199582 0.039865 0.059260
0 0.712161 0.503398 0.040716 0.020110
0 0.711857 0.523747 0.038666 0.020969
0 0.711074 0.546230 0.040978 0.019240
0 0.308686 0.548473 0.038856 0.014978
0 0.321019 0.576150 0.034751 0.018042
0 0.329903 0.605733 0.036445 0.016796
0 0.340962 0.635510 0.040040 0.018968
0 0.501710 0.696457 0.081784 0.071754
0 0.092078 0.474997 0.120630 0.024115
0 0.176336 0.406843 0.037379 0.019480
0 0.166235 0.431227 0.026625 0.020348
0 0.085899 0.503148 0.086159 0.019124
0 0.135846 0.613229 0.103280 0.022048
0 0.186973 0.558896 0.023599 0.018006
0 0.138835 0.652960 0.072137 0.022009
0 0.215718 0.647763 0.050855 0.015287
0 0.142855 0.688872 0.037771 0.015309
0 0.219767 0.487504 0.034129 0.018398
0 0.289031 0.482720 0.047489 0.056052
0 0.223291 0.553371 0.032691 0.052886
0 0.093822 0.358678 0.053327 0.050641
0 0.076115 0.259993 0.060132 0.034839
0 0.916057 0.317684 0.048827 0.037815
0 0.964999 0.319923 0.045670 0.040269
