0 0.867908 0.567470 0.075046 0.079133
0 0.547312 0.956782 0.084374 0.073348
0 0.234695 0.934671 0.062150 0.057903
0 0.122820 0.837280 0.062894 0.062482
0 0.424501 0.418878 0.150106 0.056634
0 0.470995 0.371836 0.065694 0.041400
0 0.479030 0.317120 0.076047 0.032586
0 0.092901 0.372291 0.092506 0.080914
0 0.038229 0.308066 0.038575 0.073067
0 0.635107 0.313134 0.104838 0.047277
0 0.551878 0.398684 0.039455 0.027107
0 0.639675 0.405549 0.030528 0.032466
0 0.678023 0.361857 0.035634 0.025579
0 0.541905 0.360611 0.022723 0.022523
0 0.555305 0.333939 0.045766 0.022499
0 0.634533 0.344343 0.041625 0.022993
