0 0.375735 0.971949 0.070504 0.046946
0 0.552044 0.819726 0.041034 0.042877
0 0.722434 0.908728 0.072388 0.070034
0 0.792789 0.980880 0.081785 0.038240
0 0.954868 0.817348 0.067652 0.069082
0 0.892105 0.539531 0.076078 0.072346
0 0.383536 0.481025 0.048142 0.036040
0 0.431474 0.478554 0.048865 0.038360
0 0.126570 0.167841 0.078045 0.043136
0 0.167483 0.059377 0.113599 0.045394
0 0.607491 0.354628 0.066791 0.049094
0 0.664919 0.485219 0.051101 0.047118
0 0.312823 0.013146 0.059379 0.026292
0 0.462254 0.708862 0.063017 0.025273
0 0.279571 0.521726 0.044546 0.046557
