0 0.937331 0.585257 0.061206 0.090073
0 0.911516 0.671370 0.047269 0.068068
0 0.969379 0.506996 0.061241 0.073661
0 0.966235 0.424152 0.050052 0.054457
0 0.943968 0.382582 0.046712 0.050753
0 0.715669 0.491603 0.058503 0.089981
0 0.668278 0.256734 0.078948 0.063232
0 0.517457 0.072676 0.066088 0.082889
0 0.690736 0.756495 0.054603 0.069705
0 0.862176 0.783247 0.051931 0.056897
0 0.774538 0.708160 0.030012 0.051551
0 0.761197 0.591488 0.090197 0.079841
0 0.470734 0.866129 0.056833 0.102512
0 0.420213 0.707783 0.085299 0.078112
0 0.093587 0.600766 0.044811 0.041214
0 0.099707 0.244311 0.041090 0.045531
0 0.266956 0.236755 0.049172 0.072512
0 0.273043 0.060410 0.047485 0.061153
0 0.053598 0.661097 0.087298 0.164133
0 0.370488 0.977181 0.050689 0.045638
0 0.896848 0.182964 0.031754 0.081025
