0 0.888198 0.107783 0.060601 0.063593
0 0.178568 0.332139 0.033549 0.043815
0 0.154141 0.286699 0.057467 0.030709
0 0.359280 0.902192 0.087520 0.094756
0 0.841192 0.906207 0.051229 0.037924
0 0.776995 0.888885 0.056431 0.028565
0 0.796833 0.972968 0.065729 0.035590
0 0.905785 0.672131 0.065328 0.067996
0 0.683775 0.368141 0.049928 0.047378
0 0.515877 0.302720 0.051854 0.049523
0 0.332556 0.202607 0.046771 0.041919
0 0.581148 0.243258 0.042717 0.041223
0 0.880931 0.268024 0.052877 0.050538
0 0.854978 0.805920 0.051477 0.051575
0 0.774334 0.130378 0.034659 0.032873
0 0.793333 0.143062 0.038267 0.039334
0 0.775667 0.237980 0.035814 0.028389
0 0.876719 0.206168 0.041590 0.027710
0 0.578402 0.907374 0.044410 0.040664
