0 0.139423 0.141050 0.053734 0.100222
0 0.463862 0.024640 0.077704 0.049279
0 0.502254 0.204954 0.052271 0.080890
0 0.087939 0.449142 0.048235 0.044051
0 0.908752 0.146081 0.050025 0.059086
0 0.898100 0.314834 0.068179 0.042960
0 0.650489 0.352677 0.041380 0.034630
0 0.421254 0.756714 0.109775 0.078913
0 0.171806 0.762397 0.092565 0.039437
0 0.144985 0.962186 0.070534 0.049917
0 0.132133 0.669985 0.029163 0.072645
0 0.527689 0.924368 0.055334 0.097611
0 0.439537 0.602687 0.121694 0.043351
0 0.687955 0.473876 0.042342 0.036798
