0 0.544359 0.909267 0.082796 0.013328
0 0.549042 0.877200 0.080511 0.015066
0 0.973984 0.932589 0.052032 0.020971
0 0.978472 0.899985 0.043055 0.018924
0 0.679888 0.641120 0.144029 0.099281
0 0.445540 0.603798 0.083506 0.044243
0 0.265981 0.741412 0.065693 0.051056
0 0.352576 0.738879 0.078798 0.037085
0 0.797733 0.171349 0.034501 0.058307
0 0.928538 0.243053 0.080063 0.101355
0 0.700015 0.041828 0.053011 0.042387
0 0.369489 0.049897 0.039736 0.035139
0 0.017052 0.140690 0.034105 0.041319
0 0.039780 0.071557 0.065044 0.043085
0 0.200619 0.037229 0.094931 0.017338
0 0.855028 0.607580 0.047972 0.059884
0 0.930823 0.641003 0.040860 0.019425
0 0.410464 0.667727 0.028913 0.042224
