0 0.983008 0.642094 0.033984 0.049409
0 0.034873 0.343636 0.069745 0.058276
0 0.226166 0.585415 0.044739 0.048131
0 0.254352 0.506415 0.044049 0.039255
0 0.209493 0.644109 0.049037 0.045472
0 0.725158 0.822278 0.076692 0.045847
0 0.926980 0.063655 0.068709 0.058693
0 0.849595 0.099068 0.069201 0.061840
0 0.983760 0.529400 0.032481 0.024501
0 0.981290 0.560310 0.037421 0.021941
0 0.980334 0.589508 0.039332 0.017797
0 0.720779 0.537806 0.062471 0.064078
0 0.808481 0.064071 0.062499 0.050696
0 0.473268 0.436676 0.039543 0.042299
0 0.353603 0.454371 0.136293 0.123471
0 0.358329 0.636090 0.052115 0.048383
0 0.973515 0.416172 0.031381 0.044831
