0 0.251196 0.241969 0.077196 0.075180
0 0.044693 0.398583 0.076321 0.087989
0 0.103039 0.022312 0.061631 0.044623
0 0.595043 0.351283 0.070979 0.054043
0 0.962393 0.472642 0.075214 0.097866
0 0.839741 0.129330 0.054785 0.059457
0 0.795006 0.137551 0.051893 0.057824
0 0.798414 0.044461 0.052615 0.035704
0 0.655754 0.280143 0.111648 0.051131
0 0.729829 0.415532 0.057461 0.059377
0 0.924758 0.621273 0.090119 0.060417
0 0.850514 0.628155 0.041080 0.036170
0 0.795162 0.530774 0.064194 0.039119
0 0.785636 0.681625 0.066254 0.036168
0 0.716241 0.790406 0.070664 0.058928
0 0.759924 0.746750 0.094795 0.070539
0 0.184431 0.382564 0.065923 0.050384
0 0.043529 0.470082 0.074099 0.055643
0 0.022809 0.487804 0.045618 0.042077
0 0.104745 0.860270 0.059881 0.071595
0 0.361789 0.789766 0.069237 0.064599
0 0.602781 0.958495 0.058673 0.052067
0 0.456256 0.501577 0.048480 0.048993
