0 0.233481 0.739562 0.075515 0.077407
0 0.382596 0.951665 0.087801 0.077431
0 0.015757 0.882445 0.031515 0.057199
0 0.354719 0.399902 0.055187 0.071113
0 0.489175 0.037528 0.097969 0.075055
0 0.141425 0.147549 0.059161 0.055696
0 0.148022 0.192541 0.057400 0.052837
0 0.054867 0.185525 0.036447 0.052806
0 0.285780 0.336612 0.054412 0.110789
0 0.423731 0.267326 0.059988 0.057674
0 0.636098 0.079653 0.062617 0.091045
0 0.640409 0.154120 0.037265 0.042007
0 0.540954 0.206111 0.040598 0.063862
0 0.691399 0.220875 0.038055 0.066803
0 0.797715 0.294189 0.059843 0.070593
0 0.755631 0.248914 0.072133 0.094595
0 0.371568 0.811308 0.052075 0.064975
0 0.454081 0.955197 0.057301 0.072887
0 0.471045 0.976760 0.043304 0.045516
0 0.846314 0.907689 0.071674 0.060895
0 0.784769 0.648217 0.064646 0.069982
0 0.961803 0.413189 0.052490 0.059089
0 0.500099 0.543851 0.048992 0.048689
