0 0.226832 0.923151 0.055234 0.104157
0 0.244502 0.444835 0.051789 0.097536
0 0.308239 0.460227 0.062579 0.099044
0 0.027312 0.502033 0.020747 0.048721
0 0.044685 0.434313 0.025134 0.046868
0 0.013389 0.344333 0.022503 0.063854
0 0.054971 0.275859 0.031529 0.067895
0 0.017293 0.267724 0.021770 0.066134
0 0.017960 0.096046 0.022702 0.051835
0 0.995622 0.301440 0.008756 0.072305
0 0.403790 0.013380 0.023705 0.026759
0 0.374669 0.127347 0.018322 0.077997
0 0.414128 0.133652 0.020817 0.065537
0 0.444230 0.126318 0.019859 0.043339
0 0.385339 0.281319 0.019298 0.033975
