0 0.706864 0.029813 0.081938 0.059033
0 0.871927 0.710984 0.058189 0.065742
0 0.982544 0.956525 0.032419 0.072925
0 0.803200 0.885030 0.064422 0.071181
0 0.891223 0.565902 0.090844 0.029659
0 0.491925 0.665905 0.125875 0.018281
0 0.499644 0.640049 0.141312 0.021355
0 0.530519 0.578573 0.081938 0.033977
0 0.529331 0.613652 0.080750 0.020761
0 0.450659 0.605051 0.049281 0.021355
0 0.534973 0.310048 0.074220 0.021745
0 0.543284 0.341384 0.052844 0.017203
0 0.541058 0.399454 0.061453 0.018264
0 0.537348 0.372230 0.057595 0.017203
0 0.613495 0.838466 0.072734 0.051606
