0 0.837436 0.465013 0.093005 0.075342
0 0.459149 0.933834 0.054550 0.058785
0 0.432823 0.844727 0.069402 0.065607
0 0.419387 0.471687 0.044501 0.048205
0 0.384595 0.417501 0.050149 0.048386
0 0.013563 0.810395 0.027125 0.059909
0 0.325523 0.052451 0.066211 0.049460
0 0.431594 0.189668 0.036944 0.035060
0 0.567521 0.069825 0.076300 0.027792
0 0.761559 0.029917 0.030240 0.032879
0 0.677925 0.036101 0.049270 0.054383
0 0.981156 0.617567 0.030531 0.075023
0 0.973399 0.700788 0.037200 0.075084
0 0.841892 0.881894 0.046428 0.061898
