0 0.640926 0.487625 0.045122 0.079864
0 0.670845 0.585550 0.079943 0.047613
0 0.797912 0.637540 0.074883 0.020693
0 0.894106 0.159315 0.061001 0.040974
0 0.311851 0.227179 0.083381 0.049903
0 0.271722 0.007663 0.040020 0.015326
0 0.275450 0.470902 0.034179 0.056523
0 0.183399 0.633151 0.039053 0.050757
0 0.018375 0.635436 0.036750 0.040418
0 0.024955 0.421168 0.044976 0.083103
0 0.164493 0.829395 0.050788 0.044350
0 0.271434 0.775421 0.046706 0.073886
0 0.379195 0.929906 0.042153 0.037655
0 0.713797 0.234324 0.067309 0.024663
