0 0.718639 0.602605 0.058171 0.043245
0 0.779705 0.930509 0.046611 0.044112
0 0.910496 0.911430 0.056309 0.045374
0 0.634835 0.935851 0.090486 0.061763
0 0.479426 0.957781 0.087603 0.063522
0 0.323791 0.882282 0.093208 0.060996
0 0.854688 0.304917 0.044410 0.054816
0 0.900952 0.190567 0.040380 0.042979
0 0.854326 0.020829 0.058513 0.041657
0 0.718458 0.202043 0.056375 0.034663
0 0.719827 0.014861 0.056681 0.021332
0 0.634764 0.088001 0.038160 0.043093
0 0.372278 0.407197 0.102906 0.072844
0 0.235796 0.395341 0.077356 0.065259
0 0.133112 0.229174 0.054642 0.063080
0 0.070430 0.355431 0.075187 0.044133
0 0.017674 0.214353 0.035348 0.067274
0 0.068955 0.727640 0.054681 0.063958
0 0.251546 0.704286 0.047340 0.085966
0 0.190630 0.699797 0.043861 0.064630
0 0.175735 0.761173 0.032073 0.047466
0 0.186322 0.838288 0.061152 0.059460
0 0.070098 0.824247 0.046278 0.082109
0 0.386321 0.556797 0.055030 0.023054
0 0.497632 0.146253 0.019250 0.040373
