0 0.855184 0.956402 0.115713 0.087195
0 0.967160 0.834070 0.044863 0.072423
0 0.612398 0.767429 0.022285 0.083074
0 0.521872 0.806970 0.059209 0.080614
0 0.269376 0.580841 0.092857 0.086774
0 0.183072 0.940119 0.060609 0.070185
0 0.040450 0.322669 0.055750 0.070537
0 0.021276 0.472203 0.039271 0.063955
0 0.415198 0.384025 0.062865 0.074500
0 0.482796 0.245352 0.052873 0.054435
0 0.491331 0.128921 0.051090 0.046236
0 0.321322 0.311169 0.056217 0.048225
0 0.162501 0.196457 0.064658 0.057828
0 0.457188 0.530682 0.081501 0.096467
0 0.413571 0.474026 0.089501 0.091666
0 0.904657 0.383399 0.044697 0.046443
0 0.892485 0.470434 0.049826 0.050956
0 0.143607 0.483227 0.063692 0.059546
0 0.358910 0.042183 0.041641 0.058671
