0 0.033772 0.205454 0.059523 0.066811
0 0.775250 0.264275 0.038828 0.046515
0 0.789443 0.215935 0.057086 0.021677
0 0.727699 0.860459 0.075208 0.089860
0 0.259900 0.970549 0.056507 0.039797
0 0.319191 0.941650 0.058198 0.018570
0 0.143338 0.759068 0.068172 0.064111
0 0.291773 0.413412 0.048907 0.046068
0 0.440999 0.311385 0.049865 0.047839
0 0.595960 0.172539 0.047008 0.039902
0 0.362936 0.268536 0.042358 0.037881
0 0.076425 0.359635 0.051937 0.049974
0 0.222890 0.878302 0.050014 0.050658
0 0.148879 0.201586 0.036590 0.030550
0 0.133960 0.218260 0.039856 0.037296
0 0.173409 0.306005 0.034110 0.033504
0 0.066810 0.298343 0.040851 0.033440
0 0.515576 0.914324 0.042678 0.037666
