0 0.828723 0.039452 0.059375 0.078905
0 0.780630 0.189235 0.054625 0.067620
0 0.847130 0.200803 0.045125 0.052794
0 0.414136 0.070601 0.060266 0.040336
0 0.156891 0.012602 0.043345 0.025203
0 0.077031 0.306338 0.052250 0.044387
0 0.052391 0.371934 0.037406 0.042708
0 0.223391 0.372317 0.067095 0.052969
0 0.307705 0.519998 0.050469 0.063605
0 0.916153 0.381127 0.067391 0.053980
0 0.771427 0.389728 0.067094 0.052200
0 0.881420 0.444300 0.066205 0.051012
0 0.885872 0.566495 0.046609 0.040334
0 0.804825 0.658141 0.048391 0.057538
0 0.976705 0.866959 0.046589 0.059952
0 0.196079 0.949686 0.058783 0.054572
0 0.286923 0.780071 0.043345 0.045148
0 0.107313 0.689179 0.049875 0.043689
0 0.137297 0.631744 0.040969 0.043894
0 0.808091 0.096106 0.040078 0.023728
0 0.515221 0.980449 0.048686 0.036611
0 0.892552 0.804980 0.056408 0.052258
0 0.914520 0.794157 0.054031 0.047220
