0 0.406502 0.771802 0.070536 0.059263
0 0.259361 0.712081 0.075692 0.054243
0 0.341449 0.272921 0.059264 0.050697
0 0.794970 0.549977 0.152278 0.139688
0 0.010374 0.763597 0.020747 0.036418
0 0.175481 0.936038 0.055449 0.039662
0 0.321176 0.513167 0.064363 0.052477
0 0.135576 0.316500 0.036456 0.022780
0 0.139845 0.342159 0.042225 0.021177
0 0.260767 0.085526 0.043385 0.073905
0 0.181175 0.101019 0.023066 0.028401
0 0.192072 0.141004 0.025812 0.031955
0 0.173473 0.056298 0.023495 0.021374
0 0.141102 0.031059 0.042014 0.024324
