0 0.782637 0.721044 0.075415 0.072931
0 0.964293 0.536431 0.070966 0.087672
0 0.957573 0.940812 0.063447 0.086493
0 0.426273 0.660612 0.069583 0.048824
0 0.042936 0.592959 0.076151 0.096268
0 0.215075 0.914395 0.050488 0.059914
0 0.258244 0.899799 0.047499 0.058814
0 0.271859 0.987671 0.046020 0.024658
0 0.376581 0.739662 0.113719 0.037422
0 0.284311 0.616135 0.055916 0.056219
0 0.062820 0.439321 0.085330 0.050908
0 0.133800 0.423155 0.039819 0.033136
0 0.203354 0.510197 0.064736 0.032747
0 0.192042 0.359563 0.063596 0.028202
0 0.244793 0.242272 0.070086 0.054563
0 0.207993 0.291668 0.094441 0.063323
0 0.828727 0.572158 0.068902 0.043028
0 0.956000 0.465745 0.078031 0.048354
0 0.974485 0.445215 0.048223 0.036675
0 0.840860 0.088457 0.055111 0.070408
0 0.967260 0.074441 0.038410 0.058483
0 0.596628 0.193830 0.065426 0.063627
0 0.334783 0.060274 0.056304 0.049746
0 0.542788 0.492549 0.047057 0.048402
