0 0.087870 0.631597 0.038218 0.052814
0 0.278704 0.953526 0.042063 0.043561
0 0.371160 0.724219 0.036826 0.035218
0 0.423538 0.865563 0.067720 0.029368
0 0.949877 0.680398 0.050657 0.057745
0 0.824218 0.622811 0.071410 0.042271
0 0.555093 0.768386 0.044709 0.044151
0 0.585479 0.561044 0.041221 0.018898
0 0.526870 0.563004 0.062145 0.040032
0 0.470470 0.638328 0.044786 0.036517
0 0.249889 0.988972 0.082587 0.022057
0 0.217104 0.656624 0.041250 0.019200
0 0.218427 0.635887 0.037287 0.020280
0 0.226283 0.715247 0.044350 0.020021
0 0.227407 0.685379 0.034456 0.020382
