0 0.154099 0.250000 0.040158 0.117234
0 0.132070 0.397951 0.047599 0.079179
0 0.402054 0.509992 0.047239 0.058668
0 0.556156 0.192410 0.047143 0.076017
0 0.568027 0.006352 0.037248 0.012704
0 0.695267 0.195579 0.023605 0.058637
0 0.723262 0.194854 0.026563 0.057336
0 0.819571 0.180039 0.054907 0.093107
0 0.980403 0.642083 0.039194 0.040019
0 0.956868 0.904941 0.033134 0.035252
0 0.761618 0.653471 0.025187 0.068487
0 0.733517 0.633710 0.023060 0.037981
0 0.488188 0.785469 0.067366 0.033056
0 0.488433 0.810187 0.054987 0.026931
0 0.474929 0.840200 0.064646 0.036923
