0 0.607761 0.530037 0.038111 0.040058
0 0.749323 0.473585 0.067682 0.041218
0 0.962037 0.441105 0.075926 0.065119
0 0.658911 0.103576 0.049323 0.052812
0 0.736771 0.088385 0.086914 0.055367
0 0.803219 0.060449 0.047993 0.041962
0 0.866874 0.026660 0.090785 0.053320
0 0.066402 0.181230 0.058686 0.055195
0 0.373427 0.259840 0.049621 0.045055
0 0.581578 0.312921 0.035735 0.040343
0 0.178371 0.883215 0.046218 0.043318
0 0.190695 0.952814 0.050675 0.042034
0 0.360658 0.855407 0.046381 0.060120
0 0.991224 0.867354 0.017552 0.037834
0 0.338474 0.624711 0.038756 0.024604
0 0.669120 0.180096 0.035305 0.021789
0 0.662192 0.142283 0.038578 0.023813
0 0.816893 0.283911 0.054666 0.020887
