0 0.221922 0.068613 0.089280 0.069824
0 0.165834 0.766267 0.067030 0.071295
0 0.261279 0.927418 0.073178 0.078479
0 0.124581 0.626076 0.093008 0.041589
0 0.535279 0.662469 0.124485 0.036838
0 0.523652 0.638780 0.139016 0.042176
0 0.482933 0.578887 0.084674 0.039299
0 0.488716 0.617027 0.081519 0.032580
0 0.565584 0.596271 0.050066 0.027594
0 0.437086 0.317927 0.072908 0.032949
0 0.432482 0.349923 0.054049 0.024886
0 0.443953 0.407115 0.058307 0.027653
0 0.442119 0.379938 0.056391 0.025415
0 0.440410 0.851806 0.079032 0.060559
