0 0.091566 0.551495 0.011992 0.082605
0 0.123728 0.555547 0.016441 0.080379
0 0.075199 0.977816 0.020776 0.044368
0 0.107978 0.981901 0.018699 0.036199
0 0.362152 0.682353 0.097153 0.143052
0 0.395260 0.446999 0.042795 0.083544
0 0.255096 0.269792 0.051085 0.065668
0 0.258567 0.356736 0.038388 0.079358
0 0.833810 0.791953 0.058006 0.033745
0 0.764327 0.924023 0.100371 0.079306
0 0.961505 0.691987 0.041695 0.052545
0 0.947424 0.361769 0.035162 0.039348
0 0.851146 0.014103 0.041170 0.028206
0 0.920855 0.032257 0.043195 0.064514
0 0.957467 0.192726 0.018974 0.094891
0 0.398585 0.856873 0.059298 0.047088
0 0.366576 0.933333 0.018785 0.040964
0 0.330961 0.413384 0.042273 0.028213
