0 0.005341 0.685977 0.010682 0.034403
0 0.019971 0.653312 0.039942 0.039497
0 0.218558 0.760005 0.042273 0.030764
0 0.271568 0.757884 0.050049 0.030181
0 0.671581 0.347722 0.080811 0.066900
0 0.836439 0.367248 0.071157 0.050904
0 0.329455 0.676550 0.039212 0.017485
0 0.331737 0.700657 0.032468 0.020142
0 0.419706 0.659881 0.037499 0.016437
0 0.420716 0.687890 0.035153 0.018483
0 0.423377 0.714244 0.033394 0.019078
0 0.424180 0.741111 0.036657 0.018895
0 0.426247 0.770871 0.035344 0.021903
0 0.427150 0.793315 0.031363 0.021107
