0 0.707569 0.160701 0.049211 0.043028
0 0.850135 0.333587 0.042641 0.040754
0 0.676616 0.450211 0.036580 0.056836
0 0.211221 0.429570 0.048558 0.035961
0 0.013867 0.686449 0.027734 0.044817
0 0.215731 0.833857 0.045359 0.036631
0 0.302524 0.660602 0.052993 0.040755
0 0.852519 0.859767 0.037386 0.030752
0 0.806591 0.936773 0.042545 0.043193
0 0.580265 0.861411 0.049317 0.019754
0 0.580277 0.879723 0.048697 0.013092
0 0.578547 0.903036 0.042746 0.012310
0 0.594545 0.944103 0.041799 0.014568
0 0.594259 0.963020 0.033707 0.015772
0 0.417330 0.432614 0.038478 0.040264
0 0.931486 0.478688 0.058050 0.044016
0 0.430278 0.317704 0.052472 0.044804
