0 0.209534 0.392510 0.100238 0.139999
0 0.232729 0.405762 0.101063 0.140102
0 0.255649 0.422931 0.099552 0.141313
0 0.280200 0.433571 0.097182 0.135497
0 0.301591 0.446927 0.100307 0.145302
0 0.321693 0.464270 0.101889 0.145338
0 0.343495 0.477161 0.099930 0.135636
0 0.364199 0.493666 0.097490 0.133090
0 0.382737 0.503804 0.094500 0.136329
0 0.066303 0.691677 0.132606 0.101233
0 0.026286 0.818271 0.052572 0.071798
0 0.113455 0.447978 0.142502 0.109556
0 0.378692 0.172384 0.128651 0.117781
0 0.153927 0.073501 0.051957 0.061183
0 0.216765 0.009800 0.033029 0.019600
