0 0.164767 0.552650 0.095000 0.079584
0 0.518050 0.064749 0.054625 0.059986
0 0.548925 0.152477 0.068875 0.067455
0 0.581880 0.524216 0.044531 0.048552
0 0.619583 0.576407 0.049875 0.048702
0 0.977200 0.155619 0.043106 0.076616
0 0.697066 0.937804 0.064720 0.052858
0 0.584550 0.806436 0.035625 0.034081
0 0.454964 0.933219 0.076297 0.024019
0 0.264220 0.982384 0.030281 0.032738
0 0.346753 0.972450 0.046906 0.052606
0 0.013508 0.408032 0.027016 0.074239
0 0.016773 0.324245 0.033547 0.074331
0 0.138641 0.136613 0.043939 0.061173
