0 0.976336 0.498069 0.047327 0.042230
0 0.948107 0.976444 0.103786 0.028623
0 0.642395 0.872682 0.073296 0.060627
0 0.672163 0.962209 0.082453 0.060747
0 0.429187 0.895798 0.106290 0.077470
0 0.548228 0.951145 0.109239 0.057129
0 0.093417 0.592391 0.060554 0.070022
0 0.058039 0.525908 0.113303 0.047634
0 0.068545 0.361747 0.057905 0.086356
0 0.123457 0.126825 0.111639 0.089800
0 0.439148 0.156046 0.068359 0.045093
0 0.515855 0.184423 0.073586 0.041355
0 0.646121 0.110829 0.096040 0.076136
0 0.633343 0.297902 0.071791 0.034460
0 0.421515 0.493275 0.082163 0.035917
0 0.427198 0.534695 0.074729 0.024826
0 0.352014 0.484096 0.040607 0.033880
0 0.352775 0.527688 0.037087 0.018638
0 0.248879 0.139440 0.078944 0.057389
0 0.818988 0.845979 0.080870 0.055103
