0 0.841534 0.756318 0.042099 0.117154
0 0.866085 0.608433 0.048906 0.079662
0 0.598072 0.491711 0.048002 0.059132
0 0.438468 0.806586 0.048345 0.076396
0 0.423205 0.992865 0.037488 0.014270
0 0.299462 0.800931 0.024499 0.058679
0 0.271453 0.801319 0.027547 0.057095
0 0.174942 0.814409 0.056365 0.093480
0 0.021012 0.349331 0.042024 0.040943
0 0.050292 0.087150 0.033608 0.035813
0 0.241106 0.342106 0.026366 0.068277
0 0.268866 0.362419 0.023691 0.037940
0 0.516795 0.214780 0.067646 0.034184
0 0.516968 0.190088 0.055243 0.027739
0 0.530974 0.160281 0.064974 0.037884
