0 0.761774 0.700215 0.060747 0.055926
0 0.322116 0.424358 0.103047 0.055198
0 0.284681 0.483779 0.055771 0.041467
0 0.128372 0.270604 0.084708 0.050355
0 0.207358 0.190318 0.104757 0.077963
0 0.147503 0.061262 0.077094 0.087645
0 0.068916 0.827319 0.042466 0.021165
0 0.056460 0.854236 0.038580 0.023763
0 0.053221 0.879290 0.040399 0.021549
0 0.040215 0.698499 0.038443 0.041689
0 0.101889 0.575077 0.070241 0.034085
0 0.013652 0.495226 0.027305 0.080170
0 0.006996 0.644059 0.013992 0.043039
0 0.621709 0.437743 0.040155 0.042117
0 0.604105 0.362464 0.053523 0.056835
0 0.800858 0.347193 0.053672 0.036036
