0 0.645001 0.296341 0.054198 0.053698
0 0.965115 0.614683 0.056908 0.015291
0 0.899079 0.621720 0.055815 0.018219
0 0.979263 0.576420 0.041474 0.018056
0 0.932573 0.285102 0.057068 0.015178
0 0.933421 0.256798 0.059139 0.018653
0 0.776079 0.218668 0.039446 0.038291
0 0.856173 0.031569 0.040561 0.036156
0 0.296138 0.281435 0.102871 0.064501
0 0.437378 0.159484 0.069291 0.025013
0 0.316498 0.174154 0.055714 0.029154
0 0.325851 0.130562 0.039949 0.032288
0 0.148351 0.238793 0.048040 0.061077
0 0.082564 0.163639 0.041575 0.062240
0 0.157774 0.493486 0.060102 0.017976
