0 0.282735 0.880902 0.077525 0.073505
0 0.258372 0.808638 0.055789 0.054192
0 0.119835 0.686209 0.037088 0.048004
0 0.317068 0.576624 0.080105 0.088269
0 0.474775 0.768033 0.053965 0.061991
0 0.571796 0.899223 0.039313 0.042689
0 0.597015 0.928418 0.044439 0.038108
0 0.720813 0.719317 0.058785 0.059896
0 0.625790 0.858910 0.050629 0.040496
0 0.887879 0.446859 0.057750 0.051939
0 0.758226 0.052989 0.055331 0.055221
0 0.482391 0.120072 0.050292 0.046219
0 0.538615 0.195795 0.047010 0.041387
0 0.134686 0.432043 0.043722 0.052096
0 0.491946 0.016909 0.037903 0.033818
0 0.182008 0.443422 0.040692 0.035589
0 0.103369 0.490033 0.025080 0.036665
0 0.649833 0.237451 0.040137 0.026150
0 0.660753 0.269081 0.035476 0.026804
0 0.802257 0.555175 0.043682 0.045441
0 0.658260 0.514965 0.035640 0.038383
0 0.672303 0.541643 0.035396 0.035882
0 0.683225 0.762114 0.041071 0.042604
