0 0.718721 0.586524 0.090873 0.068345
0 0.700673 0.528239 0.112357 0.078018
0 0.676839 0.489487 0.091695 0.050471
0 0.785735 0.439690 0.047099 0.045384
0 0.651895 0.447587 0.090605 0.068347
0 0.156503 0.578483 0.135988 0.104689
0 0.067002 0.589962 0.059909 0.064324
0 0.019554 0.346049 0.035030 0.065568
0 0.301508 0.595898 0.096112 0.088824
0 0.337318 0.633354 0.048477 0.057875
0 0.504589 0.510026 0.056131 0.052739
0 0.550881 0.653659 0.077511 0.051691
0 0.467173 0.751894 0.055931 0.049092
0 0.335980 0.834055 0.059807 0.064602
0 0.389333 0.904520 0.062515 0.064639
0 0.448127 0.968647 0.053170 0.048516
0 0.622872 0.942408 0.051189 0.060957
0 0.637593 0.982832 0.059496 0.034336
0 0.797583 0.971869 0.065403 0.056262
0 0.891080 0.979112 0.045679 0.040631
0 0.167170 0.979827 0.077623 0.027740
0 0.733621 0.219625 0.039100 0.047717
0 0.799043 0.156950 0.043641 0.039956
0 0.529377 0.064036 0.056388 0.051041
