0 0.975573 0.740614 0.048854 0.049047
0 0.806769 0.563494 0.040627 0.044293
0 0.490307 0.634089 0.038396 0.060527
0 0.143752 0.881566 0.051260 0.059986
0 0.232262 0.668271 0.056137 0.060082
0 0.431589 0.478307 0.048229 0.073043
0 0.555602 0.350988 0.070514 0.066120
0 0.590151 0.420361 0.064806 0.054528
0 0.519900 0.110922 0.052356 0.031123
0 0.523473 0.084949 0.038765 0.023121
0 0.376881 0.101302 0.032055 0.040878
0 0.319527 0.087965 0.046395 0.028493
0 0.318320 0.068473 0.031456 0.023577
0 0.225619 0.162048 0.022332 0.016444
0 0.246746 0.183546 0.061368 0.019717
