0 0.038970 0.197336 0.059716 0.066684
0 0.779339 0.269107 0.038490 0.046391
0 0.794484 0.220545 0.056955 0.021699
0 0.721369 0.864359 0.076302 0.090405
0 0.251693 0.966231 0.056047 0.039096
0 0.311524 0.938202 0.057912 0.018028
0 0.138872 0.752799 0.068077 0.064530
0 0.293288 0.409741 0.049076 0.046254
0 0.444236 0.310366 0.050111 0.048058
0 0.601682 0.174271 0.047076 0.040132
0 0.367022 0.266150 0.042463 0.038210
0 0.078956 0.352269 0.052106 0.050110
0 0.216340 0.873381 0.050219 0.050822
0 0.154191 0.195514 0.036508 0.030786
0 0.138929 0.211909 0.039806 0.037523
0 0.176760 0.300371 0.034305 0.033169
0 0.070396 0.290821 0.040983 0.033057
0 0.508314 0.914546 0.042890 0.037968
