0 0.280026 0.013024 0.033685 0.026047
0 0.313435 0.031138 0.042470 0.038482
0 0.221033 0.237619 0.033182 0.043321
0 0.226842 0.290011 0.033474 0.051360
0 0.661134 0.661439 0.066889 0.082728
0 0.656156 0.827741 0.046334 0.071770
0 0.311764 0.342009 0.019328 0.039983
0 0.288165 0.345994 0.021972 0.032915
0 0.334817 0.431013 0.018592 0.038366
0 0.307133 0.433958 0.020613 0.036000
0 0.280793 0.438486 0.020983 0.034226
0 0.254188 0.441183 0.021406 0.035250
0 0.224295 0.444585 0.023430 0.035313
0 0.202372 0.447477 0.023134 0.030987
