0 0.953894 0.185614 0.058884 0.059312
0 0.609603 0.845839 0.040198 0.028301
0 0.650358 0.876738 0.038320 0.056900
0 0.079660 0.568656 0.095221 0.093963
0 0.159039 0.092162 0.045898 0.052192
0 0.164836 0.158770 0.037358 0.054943
0 0.083058 0.123529 0.037829 0.066189
0 0.400999 0.070488 0.068616 0.060847
0 0.662194 0.341528 0.046733 0.048969
0 0.697069 0.517967 0.049090 0.051577
0 0.763781 0.716768 0.042009 0.044952
0 0.767274 0.464854 0.042361 0.041499
0 0.794580 0.165311 0.049205 0.051753
0 0.260655 0.097328 0.050479 0.050806
0 0.911663 0.294537 0.033517 0.031955
0 0.902502 0.273051 0.039531 0.035701
0 0.805366 0.273848 0.023447 0.037004
0 0.854708 0.180049 0.022318 0.040706
0 0.112239 0.351795 0.041556 0.044194
