0 0.904792 0.638665 0.043525 0.047277
0 0.729091 0.787644 0.050614 0.049432
0 0.662726 0.751730 0.071419 0.051154
0 0.741257 0.988301 0.060542 0.023398
0 0.320924 0.972467 0.056047 0.039376
0 0.065350 0.734124 0.045272 0.045421
0 0.172709 0.694702 0.040251 0.042874
0 0.144374 0.474551 0.064970 0.050814
0 0.173170 0.317616 0.071651 0.071674
0 0.049678 0.091458 0.055876 0.072741
0 0.474419 0.303625 0.045963 0.047534
0 0.550168 0.338308 0.067562 0.056503
0 0.691064 0.383110 0.045991 0.037724
0 0.763699 0.444897 0.038438 0.049524
0 0.827647 0.522093 0.050206 0.044812
0 0.340782 0.611575 0.039722 0.043946
0 0.669310 0.527007 0.038675 0.033823
