0 0.394071 0.064685 0.091217 0.017983
0 0.354995 0.092761 0.180134 0.014647
0 0.278254 0.115036 0.183228 0.018956
0 0.514051 0.112267 0.078954 0.019505
0 0.522051 0.142464 0.077748 0.018612
0 0.531362 0.171022 0.062630 0.016682
0 0.545678 0.198204 0.051206 0.011817
0 0.559304 0.226226 0.038410 0.017961
0 0.592032 0.266605 0.087966 0.013939
0 0.601192 0.295270 0.097847 0.018284
0 0.563179 0.321485 0.035789 0.013137
0 0.480961 0.256216 0.107319 0.016998
0 0.475272 0.282642 0.100405 0.018905
0 0.491572 0.308163 0.074558 0.013846
0 0.420889 0.194503 0.043012 0.016891
0 0.360631 0.211036 0.063326 0.016990
0 0.353802 0.239627 0.044369 0.015253
0 0.370643 0.302821 0.045009 0.021113
0 0.374260 0.331425 0.046275 0.016705
0 0.391166 0.360255 0.041394 0.023148
0 0.382301 0.387248 0.029418 0.010902
