0 0.937293 0.590673 0.017695 0.091789
0 0.912418 0.630719 0.020030 0.180508
0 0.892418 0.708493 0.025239 0.183089
0 0.887062 0.472477 0.016910 0.078553
0 0.856103 0.465636 0.020422 0.077354
0 0.828761 0.457389 0.016643 0.062749
0 0.800259 0.443769 0.011016 0.050934
0 0.771369 0.430890 0.016946 0.038438
0 0.730044 0.399722 0.016994 0.087740
0 0.701164 0.391590 0.021508 0.097961
0 0.676187 0.430403 0.014142 0.035772
0 0.744300 0.510712 0.020733 0.107045
0 0.718089 0.517020 0.022398 0.099899
0 0.692223 0.501654 0.016022 0.074721
0 0.807995 0.568393 0.018088 0.043390
0 0.793712 0.629209 0.018882 0.063862
0 0.764752 0.636776 0.015598 0.044382
0 0.701547 0.622361 0.022179 0.045362
0 0.672878 0.619771 0.017861 0.046707
0 0.643470 0.603819 0.024265 0.041748
0 0.616831 0.613571 0.011842 0.029389
