0 0.005978 0.197398 0.011956 0.018182
0 0.005469 0.168500 0.010938 0.014893
0 0.112888 0.256292 0.092201 0.077405
0 0.004445 0.265911 0.008890 0.018680
0 0.118971 0.037905 0.056722 0.027718
0 0.203851 0.042764 0.045122 0.040367
0 0.225190 0.144503 0.041195 0.060528
0 0.450866 0.275929 0.052425 0.018940
0 0.446591 0.309742 0.071781 0.018356
0 0.736668 0.329447 0.061292 0.059875
0 0.517230 0.844357 0.067903 0.078691
0 0.937840 0.706995 0.075924 0.053412
0 0.689639 0.844565 0.043678 0.031353
0 0.918277 0.894221 0.037643 0.027098
0 0.885454 0.155051 0.046210 0.049473
0 0.449866 0.989876 0.042875 0.020248
