0 0.271166 0.555300 0.089879 0.077805
0 0.296647 0.500065 0.110297 0.089845
0 0.326714 0.465191 0.088875 0.059607
0 0.225391 0.400881 0.049897 0.047780
0 0.357313 0.426242 0.089383 0.076857
0 0.829125 0.625192 0.134688 0.116734
0 0.916732 0.649232 0.064621 0.067077
0 0.988801 0.412100 0.022398 0.061284
0 0.684010 0.622438 0.095906 0.095778
0 0.642881 0.654558 0.054489 0.063775
0 0.494637 0.508845 0.057850 0.057974
0 0.428452 0.644900 0.076641 0.060570
0 0.497331 0.754608 0.056876 0.050304
0 0.615787 0.853402 0.062957 0.065122
0 0.553921 0.915666 0.065365 0.064498
0 0.486256 0.972196 0.054849 0.049360
0 0.316815 0.920879 0.054490 0.062164
0 0.294436 0.959884 0.062150 0.038117
0 0.138854 0.927533 0.066493 0.065048
0 0.045998 0.920330 0.047988 0.043062
0 0.307739 0.189945 0.041842 0.050427
0 0.252028 0.118470 0.045637 0.043053
0 0.531609 0.063964 0.058419 0.055627
