0 0.438926 0.592910 0.033418 0.042873
0 0.443579 0.743718 0.044988 0.069991
0 0.405553 0.955419 0.068200 0.076183
0 0.823890 0.776904 0.049150 0.052495
0 0.811322 0.858862 0.050393 0.088972
0 0.816108 0.927486 0.044151 0.046554
0 0.837356 0.977388 0.059918 0.045224
0 0.941448 0.194430 0.050635 0.066567
0 0.769150 0.456973 0.045173 0.047513
0 0.651701 0.638041 0.037940 0.046923
0 0.241533 0.072243 0.038375 0.053034
0 0.171224 0.060990 0.036704 0.052299
0 0.211080 0.252197 0.060756 0.044223
0 0.433773 0.308202 0.020312 0.039224
0 0.748828 0.763640 0.021381 0.036577
0 0.785647 0.771507 0.021416 0.040847
0 0.601728 0.870948 0.025880 0.056553
