0 0.812539 0.813962 0.078881 0.052591
0 0.756338 0.893939 0.050392 0.061059
0 0.934776 0.810466 0.041721 0.043424
0 0.649468 0.983957 0.063063 0.032086
0 0.363590 0.761530 0.089895 0.056127
0 0.395205 0.475613 0.049535 0.054785
0 0.463302 0.441674 0.045101 0.040508
0 0.576530 0.460945 0.028512 0.060434
0 0.375730 0.185026 0.048402 0.048151
0 0.508978 0.092684 0.032950 0.058586
0 0.304086 0.109072 0.036694 0.075708
0 0.778763 0.579511 0.048706 0.063779
0 0.814741 0.523476 0.066461 0.058411
0 0.876810 0.174580 0.052348 0.083625
0 0.861653 0.722519 0.089276 0.049926
0 0.734824 0.084439 0.051009 0.073642
0 0.134182 0.306774 0.029102 0.043133
0 0.109874 0.297196 0.033675 0.052315
