0 0.528878 0.067725 0.058705 0.048356
0 0.886699 0.175577 0.050399 0.050581
0 0.687025 0.322182 0.041571 0.041375
0 0.836040 0.337705 0.044546 0.070111
0 0.783339 0.891183 0.058477 0.046081
0 0.699542 0.783406 0.052383 0.069096
0 0.773182 0.488299 0.050767 0.049952
0 0.579541 0.568906 0.027532 0.043032
0 0.567787 0.510941 0.052235 0.068104
0 0.626746 0.437882 0.042064 0.052290
0 0.918500 0.139447 0.030323 0.082786
0 0.582960 0.187256 0.026534 0.042151
0 0.564131 0.194769 0.027893 0.039377
0 0.642597 0.182729 0.028357 0.045653
0 0.613777 0.190598 0.027706 0.037046
