0 0.753051 0.283323 0.113833 0.045082
0 0.859623 0.225457 0.049396 0.049432
0 0.725049 0.323409 0.113404 0.114370
0 0.703372 0.349393 0.073556 0.057542
0 0.067608 0.285581 0.080296 0.035733
0 0.054676 0.331558 0.077444 0.034732
0 0.049864 0.376961 0.061211 0.035735
0 0.070398 0.601061 0.043736 0.040559
0 0.015395 0.510243 0.030790 0.027697
0 0.014135 0.540575 0.028270 0.017915
0 0.006092 0.562326 0.012185 0.018698
0 0.024187 0.563060 0.022382 0.022854
0 0.147984 0.562476 0.047175 0.082318
0 0.303963 0.530133 0.099566 0.076722
0 0.530311 0.851406 0.083527 0.027006
