0 0.531873 0.010026 0.048946 0.020052
0 0.920177 0.160513 0.030065 0.045489
0 0.919744 0.854615 0.061060 0.064940
0 0.924998 0.932857 0.020631 0.037450
0 0.882110 0.929951 0.025059 0.049607
0 0.856971 0.594416 0.033989 0.075599
0 0.820515 0.590970 0.027388 0.114298
0 0.785811 0.579333 0.031466 0.107073
0 0.140793 0.717874 0.105380 0.062529
0 0.095789 0.558468 0.024579 0.050677
0 0.055963 0.562838 0.025241 0.046548
0 0.048390 0.626041 0.018357 0.034681
0 0.051592 0.674548 0.016100 0.048688
0 0.056871 0.785559 0.021519 0.063161
0 0.058873 0.954390 0.016731 0.046567
0 0.013660 0.558495 0.023991 0.052193
0 0.654287 0.130529 0.014332 0.055240
