0 0.401971 0.233376 0.056563 0.065557
0 0.357010 0.084071 0.066073 0.058131
0 0.285870 0.336650 0.038429 0.096729
0 0.244728 0.202503 0.048651 0.049756
0 0.062144 0.515624 0.039637 0.047092
0 0.367700 0.391026 0.058773 0.056147
0 0.506730 0.263769 0.053984 0.054836
0 0.492934 0.413400 0.047351 0.053332
0 0.680748 0.342386 0.059738 0.059315
0 0.642002 0.465573 0.049622 0.054870
0 0.643366 0.655007 0.061439 0.063170
0 0.643002 0.731662 0.069386 0.075181
0 0.631914 0.909419 0.065273 0.067758
0 0.458092 0.744489 0.056892 0.060526
0 0.416704 0.681625 0.047027 0.054159
0 0.696755 0.180746 0.057230 0.052412
0 0.610708 0.144065 0.040072 0.046889
0 0.588338 0.131083 0.045180 0.057207
0 0.908837 0.619363 0.069978 0.057907
0 0.829158 0.222561 0.044666 0.045760
0 0.683322 0.649637 0.046226 0.047288
0 0.789369 0.254989 0.048360 0.059479
0 0.306349 0.741535 0.093923 0.088390
