0 0.426282 0.032852 0.048408 0.050240
0 0.730879 0.210651 0.076303 0.068202
0 0.662821 0.269703 0.057020 0.053119
0 0.570220 0.398857 0.049111 0.046755
0 0.536794 0.027740 0.044499 0.037805
0 0.371234 0.817555 0.045718 0.040855
0 0.371680 0.755723 0.048675 0.042534
0 0.678060 0.810592 0.046090 0.038748
0 0.831725 0.604166 0.036917 0.045159
0 0.836649 0.519523 0.041459 0.037279
0 0.071928 0.795827 0.058231 0.043420
0 0.030919 0.832031 0.038317 0.030782
0 0.929497 0.368386 0.040785 0.045170
0 0.926063 0.541874 0.048303 0.047380
