0 0.664611 0.137889 0.046085 0.039848
0 0.827382 0.292316 0.038688 0.036844
0 0.670655 0.426962 0.036051 0.056678
0 0.202799 0.464530 0.048596 0.033578
0 0.027328 0.744138 0.050111 0.044944
0 0.259047 0.865177 0.042816 0.033460
0 0.323659 0.683603 0.049101 0.036148
0 0.893876 0.814124 0.040566 0.035078
0 0.857700 0.896032 0.045118 0.045489
0 0.623308 0.847483 0.049516 0.018902
0 0.625934 0.868464 0.049888 0.015533
0 0.627080 0.889805 0.043928 0.014627
0 0.647944 0.929567 0.043226 0.018337
0 0.649775 0.948071 0.034204 0.019741
0 0.410019 0.443954 0.035860 0.038011
0 0.925657 0.426449 0.054167 0.038535
0 0.408313 0.325823 0.047483 0.044740
