0 0.420642 0.937864 0.056812 0.040791
0 0.900125 0.482692 0.071881 0.044995
0 0.920481 0.382873 0.064788 0.037151
0 0.087480 0.627115 0.045096 0.041674
0 0.155534 0.670287 0.028819 0.039203
0 0.894029 0.445419 0.038655 0.029099
0 0.660314 0.591089 0.037516 0.022060
0 0.661235 0.568586 0.036089 0.020769
0 0.665415 0.546815 0.019935 0.017159
0 0.747240 0.261331 0.053136 0.019076
0 0.767350 0.200306 0.058616 0.020266
0 0.989329 0.296554 0.021341 0.023555
0 0.961215 0.209294 0.056923 0.037979
0 0.964076 0.291820 0.015313 0.018117
0 0.939816 0.308731 0.020292 0.014798
0 0.967992 0.247050 0.021385 0.019005
0 0.244165 0.952728 0.019716 0.020796
0 0.230590 0.968235 0.022293 0.021856
0 0.215733 0.939237 0.022383 0.023148
0 0.187365 0.931631 0.022284 0.024295
0 0.230553 0.914582 0.031127 0.022326
