0 0.027012 0.022373 0.037690 0.044745
0 0.466680 0.018136 0.086942 0.036272
0 0.684922 0.140371 0.035637 0.039397
0 0.830871 0.222227 0.052373 0.067860
0 0.122873 0.975122 0.050450 0.035132
0 0.431963 0.739816 0.032693 0.041117
0 0.470613 0.736560 0.031505 0.040395
0 0.611265 0.823776 0.042286 0.023616
0 0.614428 0.793631 0.039266 0.026050
0 0.646290 0.929425 0.041097 0.027260
0 0.662299 0.902433 0.052676 0.026362
0 0.806446 0.987578 0.082348 0.024844
0 0.927204 0.754657 0.034131 0.017860
0 0.928915 0.734165 0.036225 0.017229
0 0.897372 0.423590 0.043441 0.037581
0 0.807486 0.332693 0.061095 0.032866
0 0.874667 0.363496 0.023392 0.013578
0 0.980393 0.148305 0.039213 0.013683
0 0.978829 0.125732 0.042343 0.018479
