0 0.918226 0.219888 0.089734 0.080880
0 0.700288 0.382430 0.029907 0.055461
0 0.327730 0.320925 0.128573 0.089891
0 0.344165 0.382883 0.121316 0.077976
0 0.171994 0.539097 0.066261 0.086669
0 0.140453 0.396131 0.093210 0.082448
0 0.586070 0.281084 0.021232 0.041690
0 0.485692 0.565218 0.053164 0.044651
0 0.530230 0.774183 0.061380 0.053729
0 0.550679 0.591132 0.032189 0.077225
0 0.582823 0.737082 0.027977 0.076830
0 0.553797 0.724937 0.019642 0.035710
0 0.528774 0.608390 0.028450 0.039729
0 0.767848 0.895608 0.034043 0.060339
0 0.735128 0.891585 0.024810 0.037721
0 0.719937 0.910584 0.020038 0.021072
0 0.635842 0.944958 0.054949 0.051889
0 0.141330 0.146503 0.049447 0.057036
