0 0.768547 0.210183 0.049359 0.053058
0 0.710790 0.200841 0.067603 0.037662
0 0.784237 0.049440 0.067928 0.051330
0 0.848297 0.129121 0.059074 0.040449
0 0.834103 0.430146 0.095501 0.074474
0 0.470830 0.461970 0.076594 0.043261
0 0.867170 0.875945 0.118119 0.039602
0 0.631078 0.969461 0.110999 0.037878
0 0.390001 0.801392 0.062321 0.062108
0 0.229566 0.358891 0.050174 0.079723
0 0.342235 0.468771 0.037578 0.069815
0 0.382628 0.393149 0.054727 0.081053
0 0.513330 0.395344 0.054685 0.077649
0 0.628243 0.460117 0.065924 0.075697
0 0.954970 0.650383 0.048735 0.112354
0 0.300410 0.841458 0.037755 0.060087
0 0.377545 0.848856 0.077260 0.038254
0 0.247245 0.625324 0.037907 0.062738
0 0.860886 0.532281 0.057948 0.048329
