0 0.514681 0.289735 0.072665 0.064238
0 0.538754 0.112114 0.065841 0.084916
0 0.710865 0.288765 0.065531 0.063342
0 0.884480 0.198893 0.054501 0.082786
0 0.681112 0.756621 0.041121 0.096447
0 0.699278 0.676434 0.064876 0.053401
0 0.613886 0.659693 0.063161 0.065991
0 0.078564 0.771156 0.043391 0.052204
0 0.131657 0.691600 0.044087 0.063659
0 0.452171 0.383632 0.063715 0.055604
0 0.207374 0.825864 0.051673 0.051689
0 0.283226 0.946887 0.066742 0.065577
0 0.178281 0.975244 0.052234 0.049513
0 0.674264 0.142990 0.025944 0.028132
0 0.665329 0.117896 0.029586 0.027202
