0 0.872067 0.717019 0.126453 0.195471
0 0.929918 0.751028 0.105991 0.187049
0 0.954271 0.823484 0.035378 0.082795
0 0.678483 0.788915 0.057350 0.084963
0 0.629612 0.773984 0.041273 0.084810
0 0.406765 0.486488 0.303272 0.228078
0 0.508599 0.717021 0.185328 0.148855
0 0.603500 0.854708 0.056238 0.074556
0 0.551513 0.833297 0.067136 0.070660
0 0.503833 0.813556 0.067900 0.076942
0 0.453133 0.792780 0.065960 0.076066
0 0.381402 0.701621 0.114428 0.205628
0 0.279533 0.655312 0.227183 0.229629
0 0.059065 0.873747 0.043747 0.052144
