0 0.697660 0.230632 0.113664 0.022744
0 0.789771 0.150641 0.044487 0.041852
0 0.679561 0.277464 0.129858 0.092272
0 0.664345 0.307007 0.075706 0.042778
0 0.034382 0.390059 0.068764 0.040360
0 0.033919 0.436029 0.067837 0.039203
0 0.031697 0.481223 0.058896 0.041274
0 0.105322 0.694006 0.049381 0.046180
0 0.028234 0.620931 0.034884 0.031968
0 0.033867 0.648925 0.035271 0.023031
0 0.029230 0.672008 0.023162 0.018813
0 0.048245 0.667637 0.021569 0.025456
0 0.170222 0.640061 0.056413 0.090820
0 0.317688 0.574737 0.099667 0.086611
0 0.609656 0.835160 0.081758 0.034924
