0 0.845789 0.247404 0.119434 0.072663
0 0.710372 0.181751 0.084056 0.068545
0 0.520619 0.404344 0.064161 0.058565
0 0.775591 0.648740 0.079209 0.066244
0 0.953404 0.720978 0.032742 0.043446
0 0.728547 0.779565 0.056671 0.038338
0 0.720692 0.806511 0.055570 0.042744
0 0.706855 0.901946 0.095411 0.078180
0 0.211561 0.921145 0.056336 0.063508
0 0.007099 0.890612 0.014198 0.040945
0 0.272982 0.701280 0.066286 0.044899
0 0.300897 0.680521 0.041559 0.033171
0 0.232133 0.400503 0.051500 0.069216
0 0.209027 0.393341 0.039989 0.056973
0 0.184040 0.371564 0.052234 0.067452
