0 0.460752 0.111362 0.077783 0.026436
0 0.459862 0.364815 0.046313 0.064064
0 0.542691 0.350579 0.082531 0.017795
0 0.543581 0.372619 0.074813 0.015238
0 0.626707 0.421402 0.041564 0.032748
0 0.646004 0.562639 0.086095 0.034997
0 0.730020 0.593838 0.083125 0.065363
0 0.868366 0.673859 0.080750 0.052200
0 0.955350 0.586728 0.059969 0.041391
0 0.822646 0.401889 0.061752 0.037369
0 0.749614 0.788045 0.065312 0.075334
0 0.816856 0.829895 0.076891 0.018919
0 0.814630 0.854185 0.074219 0.015423
0 0.811068 0.877616 0.065908 0.017203
0 0.603848 0.862193 0.043344 0.048048
0 0.164767 0.887995 0.043937 0.039150
0 0.023305 0.920620 0.046609 0.041522
0 0.727645 0.955330 0.039188 0.057556
0 0.681332 0.408798 0.039189 0.030669
