0 0.018852 0.973295 0.037703 0.053386
0 0.458230 0.981902 0.086391 0.036197
0 0.678661 0.862541 0.035031 0.039491
0 0.825911 0.783478 0.051656 0.067622
0 0.131367 0.018661 0.050766 0.034831
0 0.435816 0.259073 0.032656 0.041600
0 0.474409 0.262968 0.031469 0.040930
0 0.616910 0.178143 0.042158 0.023133
0 0.619582 0.208363 0.039189 0.025572
0 0.653722 0.073152 0.040969 0.026694
0 0.669309 0.100438 0.052548 0.025506
0 0.815224 0.015992 0.082533 0.029494
0 0.931599 0.252548 0.033845 0.017873
0 0.932787 0.273645 0.036220 0.017202
0 0.895973 0.583346 0.043344 0.037239
0 0.804536 0.672555 0.061156 0.032031
0 0.872224 0.643193 0.023158 0.013642
0 0.976606 0.859998 0.044294 0.014236
0 0.974825 0.882538 0.047856 0.017795
