0 0.879534 0.296168 0.121883 0.196487
0 0.938334 0.264346 0.100986 0.187824
0 0.964973 0.192987 0.033088 0.083139
0 0.688528 0.217577 0.055500 0.083572
0 0.638895 0.230584 0.039107 0.084484
0 0.406181 0.510411 0.303360 0.220148
0 0.516126 0.283555 0.184989 0.143956
0 0.615687 0.149080 0.054758 0.074092
0 0.563081 0.168692 0.065730 0.069970
0 0.514662 0.186683 0.066482 0.076698
0 0.463341 0.205871 0.064670 0.075606
0 0.390512 0.295099 0.113979 0.204659
0 0.284974 0.337221 0.223561 0.226634
0 0.072377 0.111023 0.042162 0.052037
