0 0.533810 0.606736 0.038933 0.037312
0 0.482279 0.750085 0.039105 0.066794
0 0.457243 0.963342 0.063050 0.073315
0 0.109274 0.672679 0.051477 0.048072
0 0.096935 0.750963 0.052714 0.086046
0 0.071213 0.818345 0.040723 0.046911
0 0.034774 0.883376 0.060473 0.089338
0 0.166315 0.077750 0.053368 0.057486
0 0.255512 0.381918 0.043815 0.048520
0 0.315882 0.588057 0.039071 0.037122
0 0.871798 0.165162 0.041855 0.045329
0 0.941776 0.175031 0.040584 0.049899
0 0.850315 0.348405 0.059174 0.044668
0 0.883158 0.984929 0.039635 0.030143
0 0.619054 0.334187 0.023437 0.038448
0 0.186178 0.680234 0.020688 0.034919
0 0.148224 0.674871 0.022577 0.038798
0 0.295137 0.824509 0.019038 0.054827
