0 0.504341 0.355936 0.136687 0.135633
0 0.148563 0.098140 0.048166 0.042919
0 0.508887 0.528319 0.090843 0.074567
0 0.324400 0.614409 0.049258 0.043674
0 0.515359 0.900716 0.074118 0.060910
0 0.379882 0.731915 0.054280 0.051269
0 0.891536 0.978845 0.061555 0.042309
0 0.828013 0.879738 0.063761 0.067249
0 0.603333 0.943802 0.072368 0.056356
0 0.066702 0.919566 0.055392 0.031765
0 0.579142 0.387250 0.021633 0.020161
0 0.598640 0.432793 0.037630 0.042814
0 0.572111 0.456799 0.035050 0.035487
0 0.617393 0.464093 0.021532 0.020075
0 0.539786 0.475865 0.021359 0.021958
0 0.655717 0.607385 0.034120 0.019025
0 0.142030 0.684544 0.063626 0.021283
0 0.510507 0.721386 0.021119 0.020515
0 0.522435 0.700574 0.018986 0.019988
0 0.529478 0.676454 0.017608 0.017727
0 0.155935 0.665261 0.033534 0.022850
0 0.464685 0.973633 0.056708 0.052733
