0 0.178517 0.973992 0.078782 0.052016
0 0.362630 0.957452 0.058474 0.070515
0 0.241471 0.865703 0.046573 0.047698
0 0.077550 0.935853 0.060890 0.120180
0 0.055866 0.468211 0.047844 0.046570
0 0.097718 0.094348 0.033933 0.031913
0 0.085142 0.075868 0.036938 0.033025
0 0.374102 0.143741 0.095018 0.065681
0 0.411739 0.237275 0.043679 0.047036
0 0.356004 0.244546 0.046341 0.076497
0 0.364090 0.280687 0.037925 0.058455
0 0.491999 0.016524 0.059018 0.033049
0 0.753699 0.294616 0.054074 0.051304
0 0.860641 0.278850 0.049682 0.042860
0 0.805789 0.924255 0.068157 0.079551
0 0.361930 0.396753 0.036278 0.053017
0 0.286075 0.911583 0.097602 0.094371
0 0.015029 0.441551 0.030059 0.079179
