0 0.011042 0.529461 0.022085 0.090806
0 0.250394 0.558475 0.033520 0.065492
0 0.567471 0.327301 0.074439 0.041006
0 0.577602 0.010435 0.038203 0.020871
0 0.581743 0.090792 0.058448 0.035371
0 0.496048 0.217882 0.044264 0.047533
0 0.722698 0.227070 0.046526 0.043645
0 0.752391 0.174102 0.039074 0.049633
0 0.700403 0.096193 0.022866 0.082240
0 0.694098 0.015893 0.021757 0.031786
0 0.905809 0.087209 0.037569 0.061959
0 0.935302 0.152543 0.026872 0.040346
0 0.951267 0.435614 0.048380 0.051595
0 0.897354 0.540223 0.058457 0.042897
0 0.801681 0.507074 0.045729 0.036600
0 0.823728 0.609918 0.049815 0.053179
0 0.624839 0.645870 0.044949 0.045973
0 0.869662 0.707056 0.080408 0.050154
0 0.747614 0.115132 0.039345 0.038659
0 0.153902 0.496249 0.029438 0.075463
0 0.161603 0.807047 0.024946 0.022428
0 0.134150 0.805426 0.026111 0.022151
0 0.733514 0.853895 0.035451 0.098131
0 0.387818 0.208723 0.041244 0.043199
0 0.366431 0.408104 0.034749 0.033718
0 0.035196 0.095181 0.069182 0.050907
0 0.803854 0.746931 0.029878 0.074741
0 0.819760 0.699529 0.017756 0.022586
0 0.392752 0.865170 0.015929 0.020208
0 0.363493 0.866793 0.020570 0.020534
0 0.753130 0.449145 0.062072 0.044369
