0 0.246630 0.851450 0.128574 0.108786
0 0.684781 0.888227 0.055499 0.066614
0 0.513141 0.768672 0.081997 0.079537
0 0.461973 0.519810 0.080244 0.053643
0 0.111886 0.477689 0.080183 0.048701
0 0.033221 0.402739 0.047535 0.040944
0 0.535732 0.191523 0.121323 0.039855
0 0.234027 0.090784 0.100867 0.058008
0 0.369850 0.297365 0.046519 0.036153
0 0.700926 0.442299 0.106738 0.110349
0 0.837472 0.837483 0.052784 0.067332
0 0.736436 0.931815 0.043500 0.039781
0 0.907813 0.011305 0.054059 0.022609
0 0.325272 0.396993 0.040498 0.042662
0 0.927117 0.221587 0.026612 0.034268
0 0.551915 0.549571 0.063161 0.039306
0 0.199767 0.738540 0.040119 0.057271
