0 0.540532 0.848824 0.110232 0.097284
0 0.431829 0.803420 0.117425 0.073465
0 0.360884 0.673681 0.082618 0.049684
0 0.291380 0.931459 0.088530 0.072943
0 0.142397 0.979855 0.078053 0.040290
0 0.129566 0.745452 0.080000 0.062922
0 0.218352 0.636248 0.076904 0.062470
0 0.185618 0.521339 0.048151 0.043013
0 0.094482 0.576947 0.063113 0.047815
0 0.300411 0.358690 0.059159 0.040658
0 0.764480 0.675174 0.072572 0.044541
0 0.938618 0.555154 0.037663 0.030751
0 0.941208 0.306635 0.067006 0.049843
0 0.388165 0.240958 0.043888 0.021497
0 0.395162 0.270978 0.045436 0.021878
0 0.014468 0.254042 0.028936 0.025101
0 0.806060 0.330108 0.043195 0.042141
