0 0.303629 0.661955 0.077763 0.054512
0 0.264918 0.843259 0.062094 0.063301
0 0.222035 0.938093 0.060589 0.050783
0 0.825569 0.920180 0.053668 0.047408
0 0.807205 0.942087 0.052525 0.046620
0 0.900579 0.966782 0.064466 0.066435
0 0.921563 0.910459 0.039593 0.052815
0 0.952775 0.102317 0.077756 0.085990
0 0.720459 0.062160 0.070148 0.046410
0 0.875715 0.124862 0.039142 0.036462
0 0.881574 0.184160 0.044193 0.042794
0 0.243898 0.191024 0.035659 0.017793
0 0.252887 0.214220 0.068405 0.021317
0 0.254036 0.233433 0.085406 0.024149
0 0.249794 0.253111 0.079733 0.026043
0 0.245782 0.272922 0.072103 0.023836
0 0.100678 0.148790 0.057106 0.057015
