0 0.643209 0.512246 0.047480 0.075246
0 0.543571 0.546464 0.045935 0.069592
0 0.590740 0.614686 0.060569 0.092293
0 0.462087 0.962879 0.043924 0.058962
0 0.371126 0.955348 0.044242 0.042354
0 0.303209 0.650510 0.079807 0.062990
0 0.267961 0.391173 0.054823 0.043714
0 0.523600 0.257123 0.034087 0.068913
0 0.581495 0.368320 0.037486 0.036732
0 0.736055 0.209546 0.055305 0.118101
0 0.830909 0.016189 0.061847 0.032379
0 0.496625 0.172024 0.038716 0.060591
0 0.542014 0.066587 0.036461 0.056546
0 0.626192 0.219123 0.041408 0.042354
0 0.641572 0.089171 0.038969 0.055605
0 0.371931 0.568273 0.030582 0.077415
0 0.797396 0.794351 0.057245 0.041581
0 0.820677 0.589986 0.036869 0.038835
0 0.975851 0.511651 0.048299 0.042664
0 0.725082 0.324381 0.040428 0.032409
0 0.113249 0.210264 0.015593 0.031791
0 0.093328 0.240618 0.016982 0.084479
0 0.037158 0.724820 0.028521 0.038545
0 0.534735 0.784574 0.016931 0.073337
0 0.531992 0.984404 0.016131 0.027684
0 0.564933 0.901546 0.049505 0.062232
0 0.671132 0.974067 0.023087 0.029489
0 0.702706 0.975124 0.021364 0.020590
0 0.955148 0.756083 0.016940 0.079385
0 0.926809 0.777698 0.018930 0.036408
0 0.473123 0.387246 0.086050 0.047674
