0 0.052779 0.272232 0.064815 0.055534
0 0.784618 0.627543 0.119969 0.103425
0 0.572295 0.974806 0.068473 0.050387
0 0.883476 0.976184 0.054482 0.047631
0 0.813803 0.926079 0.055740 0.046857
0 0.765886 0.981319 0.040024 0.032572
0 0.761703 0.948464 0.056706 0.038386
0 0.753283 0.078890 0.111552 0.017289
0 0.685944 0.489650 0.058948 0.066264
0 0.099861 0.375354 0.062227 0.036091
0 0.094177 0.406918 0.057966 0.035971
0 0.694253 0.658241 0.115599 0.135438
0 0.856645 0.556074 0.112948 0.109368
0 0.801872 0.482488 0.105126 0.050394
0 0.908259 0.071103 0.030653 0.052535
