0 0.717306 0.131391 0.117098 0.038664
0 0.570040 0.124537 0.079185 0.040853
0 0.481550 0.403133 0.056086 0.043213
0 0.811547 0.529055 0.074474 0.040925
0 0.996197 0.524394 0.007606 0.036641
0 0.820460 0.668053 0.058159 0.019034
0 0.823061 0.695851 0.058668 0.021532
0 0.845615 0.790711 0.092041 0.047377
0 0.400662 0.986417 0.036783 0.027167
0 0.136271 0.986302 0.032564 0.027397
0 0.369563 0.774030 0.069718 0.019183
0 0.386350 0.745021 0.038243 0.023753
0 0.214594 0.513179 0.027272 0.067556
0 0.189856 0.515456 0.022775 0.053458
0 0.158954 0.504524 0.031954 0.062716
