0 0.265319 0.191872 0.070534 0.084262
0 0.404511 0.456467 0.069920 0.067036
0 0.321800 0.592311 0.053788 0.072093
0 0.291287 0.565799 0.041662 0.054527
0 0.271335 0.543512 0.018710 0.024264
0 0.793860 0.728253 0.049717 0.065781
0 0.861844 0.689936 0.037546 0.059100
0 0.846078 0.902888 0.045270 0.043953
0 0.779998 0.923393 0.054125 0.046900
0 0.651001 0.870604 0.035351 0.057511
0 0.149650 0.297760 0.046541 0.057882
0 0.040764 0.408935 0.036201 0.050691
0 0.017653 0.585714 0.035306 0.069017
0 0.262001 0.755846 0.062822 0.066472
0 0.491083 0.772744 0.048145 0.083019
0 0.280148 0.400987 0.067082 0.067232
0 0.228817 0.943724 0.029549 0.050307
