0 0.406199 0.334295 0.060247 0.056752
0 0.508455 0.270982 0.051944 0.056683
0 0.578011 0.276306 0.063724 0.060447
0 0.385279 0.140652 0.070740 0.036756
0 0.594080 0.620007 0.069835 0.053602
0 0.524643 0.859614 0.088400 0.081395
0 0.601766 0.873743 0.068026 0.058901
0 0.686177 0.916529 0.099046 0.118555
0 0.804803 0.872881 0.049391 0.036015
0 0.938047 0.778702 0.039882 0.033309
0 0.170648 0.927035 0.035819 0.033327
0 0.909163 0.240778 0.028794 0.036116
0 0.026736 0.061517 0.053472 0.037959
0 0.009971 0.238423 0.019941 0.021537
0 0.013797 0.268386 0.027594 0.014927
0 0.013155 0.295926 0.026310 0.018171
0 0.714015 0.657060 0.043316 0.061288
0 0.921274 0.604937 0.062396 0.042142
