0 0.249832 0.558293 0.119943 0.048752
0 0.585278 0.548186 0.058878 0.079383
0 0.659494 0.626554 0.061196 0.074737
0 0.494700 0.152457 0.046660 0.055971
0 0.344577 0.851485 0.085569 0.047516
0 0.169701 0.785948 0.082292 0.064550
0 0.249914 0.585611 0.055528 0.020612
0 0.099179 0.501564 0.035556 0.036743
0 0.138476 0.109130 0.040626 0.019259
0 0.150705 0.087085 0.039396 0.020970
0 0.190700 0.208417 0.039536 0.043617
0 0.154182 0.255782 0.083643 0.029255
0 0.172670 0.235909 0.063496 0.025199
0 0.213489 0.714863 0.147722 0.039813
0 0.502130 0.803552 0.047759 0.017885
0 0.509408 0.757977 0.045371 0.026249
