0 0.160563 0.581628 0.088575 0.087502
0 0.237253 0.669505 0.058673 0.106259
0 0.385772 0.691132 0.041203 0.075948
0 0.166245 0.842981 0.068313 0.071216
0 0.161113 0.982761 0.044490 0.034477
0 0.397941 0.931284 0.061708 0.070301
0 0.469558 0.813590 0.063432 0.068238
0 0.586121 0.801288 0.038525 0.041068
0 0.569605 0.907945 0.046265 0.062255
0 0.698206 0.639157 0.039899 0.057027
0 0.243202 0.310980 0.048498 0.062526
0 0.296653 0.107812 0.030442 0.039415
0 0.532541 0.025694 0.049161 0.051389
0 0.780490 0.517181 0.020774 0.039660
0 0.752055 0.519826 0.019912 0.041104
0 0.898257 0.879324 0.019878 0.038729
0 0.554417 0.155662 0.040936 0.039724
0 0.190766 0.054785 0.035813 0.018627
