0 0.197188 0.062939 0.069680 0.096040
0 0.103707 0.044681 0.048205 0.045404
0 0.136043 0.581724 0.057227 0.062391
0 0.500015 0.162936 0.080371 0.056633
0 0.446149 0.310715 0.069815 0.064358
0 0.703639 0.366548 0.037682 0.053068
0 0.744128 0.797347 0.080792 0.074674
0 0.358348 0.960732 0.067438 0.055901
0 0.177673 0.811672 0.056743 0.041378
0 0.181824 0.737639 0.015380 0.064937
0 0.733915 0.920045 0.039269 0.071657
0 0.838857 0.965774 0.048487 0.064215
0 0.574669 0.979193 0.044405 0.041613
0 0.649509 0.201523 0.039021 0.038694
0 0.624964 0.124079 0.060970 0.054337
0 0.681352 0.043195 0.049523 0.044063
0 0.577453 0.132723 0.044246 0.028208
0 0.253057 0.602060 0.036166 0.029408
