0 0.460821 0.655291 0.081630 0.044023
0 0.625260 0.602626 0.078953 0.045289
0 0.613638 0.559328 0.111421 0.054388
0 0.636393 0.509054 0.116630 0.057597
0 0.444037 0.616823 0.135207 0.058223
0 0.435756 0.576599 0.063497 0.043504
0 0.451055 0.510577 0.079833 0.048361
0 0.424242 0.478539 0.066298 0.045631
0 0.605011 0.406930 0.114766 0.063050
0 0.603085 0.363254 0.206739 0.090038
0 0.756495 0.319490 0.065323 0.046133
0 0.767921 0.279038 0.059418 0.045652
0 0.406249 0.368780 0.041124 0.032468
0 0.383320 0.334445 0.081025 0.040304
0 0.583423 0.331346 0.239022 0.100488
0 0.501987 0.315495 0.098964 0.057924
0 0.373949 0.270385 0.045918 0.039155
0 0.498464 0.244724 0.043358 0.039228
0 0.625845 0.215931 0.060243 0.045300
0 0.732970 0.190403 0.065960 0.045102
0 0.474998 0.212165 0.080014 0.044215
0 0.382100 0.230645 0.076094 0.041680
0 0.645347 0.173065 0.029510 0.033248
