0 0.093620 0.354491 0.038223 0.053239
0 0.294664 0.039054 0.040629 0.042362
0 0.378841 0.271503 0.037488 0.036317
0 0.435904 0.131968 0.067826 0.027035
0 0.955880 0.335352 0.052289 0.058865
0 0.828377 0.388526 0.072629 0.044362
0 0.564459 0.233619 0.043734 0.042980
0 0.587271 0.442570 0.041119 0.018853
0 0.529036 0.437994 0.060981 0.038076
0 0.475315 0.360725 0.043484 0.038058
0 0.267030 0.007514 0.082429 0.015027
0 0.222794 0.333516 0.040918 0.018048
0 0.223565 0.355015 0.037496 0.020260
0 0.233906 0.275326 0.043945 0.018721
0 0.233850 0.305199 0.034315 0.019226
