0 0.485933 0.243615 0.066758 0.122393
0 0.437804 0.574957 0.084390 0.069962
0 0.347519 0.635149 0.079364 0.071619
0 0.842996 0.554744 0.059649 0.054669
0 0.181254 0.285742 0.059143 0.089676
0 0.275513 0.124664 0.074989 0.089343
0 0.459344 0.238596 0.029374 0.056988
0 0.568343 0.104876 0.040255 0.039750
0 0.947818 0.212119 0.025103 0.041946
0 0.967551 0.227526 0.026060 0.040326
0 0.840790 0.246296 0.046023 0.044802
0 0.800999 0.202901 0.042454 0.081533
0 0.817619 0.223677 0.033516 0.064258
0 0.338565 0.180479 0.062628 0.148121
0 0.200695 0.449644 0.024374 0.048949
0 0.244510 0.464156 0.033205 0.046502
