0 0.280787 0.423318 0.463512 0.709806
0 0.471892 0.044672 0.136333 0.070639
0 0.740556 0.088190 0.073548 0.070179
0 0.893693 0.255520 0.142296 0.103600
0 0.495680 0.471184 0.053639 0.089314
0 0.308947 0.356047 0.038454 0.106667
0 0.332535 0.360945 0.038764 0.103376
0 0.022763 0.415381 0.037994 0.042798
0 0.658298 0.849582 0.068206 0.065068
0 0.713408 0.764602 0.043418 0.039427
0 0.398484 0.176589 0.086251 0.094299
0 0.453578 0.170249 0.027455 0.038844
0 0.270944 0.808702 0.105281 0.081301
0 0.777340 0.368649 0.140705 0.145212
0 0.764887 0.719337 0.030631 0.039810
