0 0.928941 0.300394 0.046120 0.049324
0 0.840846 0.641965 0.065395 0.073952
0 0.764811 0.593019 0.047665 0.057070
0 0.615678 0.539994 0.039518 0.045740
0 0.962924 0.405298 0.034652 0.040241
0 0.158796 0.463717 0.035956 0.042034
0 0.218264 0.447029 0.037791 0.046295
0 0.251137 0.756773 0.029242 0.042907
0 0.491881 0.847678 0.039662 0.029355
0 0.573224 0.829169 0.032645 0.039444
0 0.098055 0.170406 0.031582 0.062230
0 0.052011 0.141129 0.023541 0.039447
0 0.744810 0.876510 0.042641 0.037620
0 0.576582 0.920535 0.041459 0.045431
