0 0.276258 0.276289 0.065505 0.064166
0 0.115716 0.963459 0.051021 0.070559
0 0.378616 0.906120 0.122481 0.094336
0 0.524845 0.976429 0.066347 0.047141
0 0.628743 0.283193 0.081058 0.106102
0 0.643359 0.481326 0.057403 0.096518
0 0.677672 0.458314 0.056766 0.112045
0 0.709419 0.429973 0.044195 0.072871
0 0.844424 0.562640 0.037210 0.055719
0 0.816959 0.573473 0.037210 0.056552
0 0.670939 0.682278 0.065635 0.133499
0 0.225204 0.950834 0.044619 0.089046
0 0.191915 0.935259 0.022810 0.036344
0 0.731423 0.719434 0.032398 0.037817
