0 0.938139 0.614677 0.079917 0.045145
0 0.835242 0.505176 0.075921 0.040660
0 0.385305 0.924803 0.040969 0.038206
0 0.214062 0.822786 0.057073 0.028645
0 0.160622 0.960489 0.043248 0.038527
0 0.410740 0.542488 0.025959 0.035082
0 0.384106 0.544401 0.026926 0.038170
0 0.043223 0.924006 0.041639 0.024592
0 0.034650 0.952422 0.021262 0.017020
0 0.037743 0.978025 0.018319 0.018070
0 0.522192 0.938887 0.026524 0.029094
0 0.512868 0.905122 0.024901 0.026510
0 0.468261 0.792863 0.034340 0.020812
0 0.343971 0.551504 0.037035 0.038741
