0 0.108671 0.218011 0.114273 0.051174
0 0.040868 0.929402 0.081736 0.047423
0 0.413791 0.867147 0.134388 0.052588
0 0.382666 0.762233 0.058472 0.045201
0 0.422585 0.565569 0.087458 0.047232
0 0.369261 0.317397 0.093627 0.048391
0 0.492385 0.307878 0.081109 0.051795
0 0.827545 0.212144 0.054248 0.049291
0 0.940670 0.753825 0.054686 0.030700
0 0.818295 0.370982 0.084650 0.065991
0 0.642261 0.296099 0.047650 0.045740
0 0.628076 0.597435 0.093307 0.087784
0 0.783547 0.826123 0.053638 0.012891
0 0.780688 0.855006 0.053076 0.021089
0 0.780448 0.888518 0.055720 0.019025
0 0.569494 0.926369 0.039286 0.016073
