0 0.918977 0.245707 0.051220 0.053183
0 0.722826 0.398606 0.058788 0.069726
0 0.782635 0.514324 0.042606 0.045044
0 0.776471 0.605092 0.076430 0.081925
0 0.744290 0.634378 0.057688 0.070992
0 0.722010 0.700294 0.065976 0.072054
0 0.843903 0.923861 0.052855 0.054103
0 0.378949 0.878877 0.074067 0.081752
0 0.412923 0.829205 0.046908 0.049482
0 0.330106 0.683082 0.072576 0.072783
0 0.217504 0.711187 0.048570 0.049349
0 0.101581 0.347281 0.042374 0.064906
0 0.507999 0.067409 0.135646 0.108914
0 0.533883 0.476765 0.057374 0.052110
0 0.606215 0.426341 0.058801 0.058905
0 0.435105 0.600293 0.062195 0.053939
