0 0.845787 0.550521 0.082091 0.092464
0 0.775877 0.644638 0.050475 0.108325
0 0.630320 0.678957 0.034691 0.076265
0 0.862422 0.813090 0.062009 0.075037
0 0.879834 0.967941 0.041842 0.064119
0 0.920743 0.987320 0.032990 0.025361
0 0.639266 0.920817 0.056011 0.067814
0 0.557415 0.808410 0.058070 0.066943
0 0.440348 0.809195 0.035706 0.041175
0 0.466063 0.912197 0.041703 0.059558
0 0.314772 0.656148 0.035526 0.054848
0 0.739437 0.290347 0.043121 0.063577
0 0.668342 0.091748 0.027799 0.037663
0 0.426068 0.027244 0.045198 0.054488
0 0.222053 0.541304 0.017283 0.040805
0 0.250632 0.541719 0.016254 0.042683
0 0.135839 0.911975 0.018942 0.039083
0 0.415677 0.161779 0.038072 0.036979
0 0.769332 0.029655 0.034966 0.016233
