0 0.831315 0.743350 0.035044 0.044762
0 0.758530 0.923609 0.060515 0.086309
0 0.740360 0.727290 0.037173 0.044571
0 0.796725 0.203452 0.050344 0.049269
0 0.173880 0.260386 0.054316 0.057924
0 0.242830 0.345441 0.075068 0.076011
0 0.651690 0.252928 0.047485 0.058567
0 0.496303 0.303272 0.043829 0.046115
0 0.200159 0.371170 0.055840 0.070316
0 0.510902 0.516325 0.037509 0.057540
0 0.250967 0.493747 0.042645 0.055770
0 0.284757 0.546974 0.033464 0.059503
0 0.175447 0.680459 0.040611 0.041416
0 0.160575 0.411765 0.038526 0.037589
0 0.167308 0.386778 0.038333 0.036397
0 0.402164 0.778645 0.022033 0.040130
