0 0.142398 0.145689 0.064745 0.072243
0 0.271790 0.050209 0.062793 0.059620
0 0.313494 0.263077 0.068290 0.060029
0 0.343882 0.295648 0.043575 0.026576
0 0.349761 0.323622 0.027141 0.018533
0 0.369036 0.344435 0.070039 0.056648
0 0.065354 0.510884 0.071363 0.067095
0 0.081341 0.702787 0.064058 0.072449
0 0.072682 0.802541 0.073603 0.074969
0 0.320232 0.503774 0.052097 0.057738
0 0.188280 0.321451 0.064108 0.066167
0 0.499237 0.106989 0.036932 0.043108
0 0.605602 0.204996 0.057542 0.050956
0 0.286170 0.593037 0.037875 0.031633
0 0.302277 0.615849 0.036935 0.034118
0 0.224183 0.393812 0.036806 0.025568
0 0.596669 0.637381 0.058795 0.051505
0 0.568019 0.668163 0.039254 0.036164
0 0.819899 0.355234 0.034104 0.053273
0 0.238619 0.415375 0.020022 0.017523
0 0.563519 0.446072 0.038717 0.046376
0 0.239716 0.802821 0.037595 0.020761
0 0.253759 0.821797 0.016404 0.014620
0 0.318663 0.756618 0.019088 0.014159
0 0.323764 0.776848 0.019321 0.015963
0 0.295399 0.752789 0.024181 0.018740
0 0.139416 0.663218 0.056900 0.045140
