0 0.035273 0.643644 0.070546 0.079185
0 0.762029 0.202584 0.038702 0.055406
0 0.711151 0.271353 0.073353 0.036000
0 0.855960 0.756698 0.071633 0.034346
0 0.877390 0.926868 0.117405 0.029931
0 0.294287 0.799639 0.039533 0.034893
0 0.179009 0.292478 0.065544 0.058658
0 0.807296 0.148292 0.045879 0.041003
0 0.573268 0.184739 0.075117 0.017996
0 0.626075 0.077096 0.046992 0.019271
0 0.876335 0.809871 0.057298 0.040659
0 0.364152 0.513918 0.044646 0.092578
0 0.358928 0.650981 0.078551 0.048866
0 0.157714 0.642124 0.047391 0.043294
0 0.016406 0.723046 0.032813 0.041126
0 0.014267 0.779860 0.028535 0.040344
