0 0.392274 0.489661 0.111260 0.061440
0 0.257287 0.544454 0.083213 0.089760
0 0.145404 0.489515 0.126640 0.091015
0 0.339877 0.364126 0.092922 0.059895
0 0.366989 0.439857 0.091802 0.056659
0 0.195534 0.182754 0.083461 0.097857
0 0.043914 0.147144 0.087828 0.063989
0 0.044437 0.068369 0.088874 0.054251
0 0.515186 0.106943 0.091725 0.018758
0 0.555028 0.142717 0.053765 0.017698
0 0.079283 0.619340 0.071161 0.064040
0 0.545964 0.935529 0.076142 0.046410
0 0.723885 0.820018 0.040464 0.024344
0 0.979916 0.895358 0.021878 0.022355
0 0.949746 0.879957 0.021822 0.030180
0 0.918231 0.865378 0.021563 0.025615
0 0.885819 0.852692 0.041453 0.034031
0 0.857100 0.765553 0.020827 0.029093
0 0.885084 0.763956 0.023770 0.026268
0 0.873343 0.731354 0.022655 0.023162
0 0.907479 0.718952 0.021240 0.023256
0 0.890157 0.699139 0.022702 0.024318
0 0.923860 0.678947 0.022156 0.023969
0 0.906648 0.665207 0.018683 0.022261
0 0.941925 0.648257 0.025391 0.024870
0 0.924410 0.628959 0.023415 0.022667
0 0.948371 0.607909 0.020732 0.023102
0 0.925345 0.598578 0.024275 0.027975
