0 0.398505 0.694791 0.066417 0.090053
0 0.502283 0.898448 0.058116 0.076198
0 0.471150 0.984276 0.026291 0.028955
0 0.873806 0.018703 0.029056 0.037406
0 0.986440 0.044334 0.024630 0.047105
0 0.980905 0.006234 0.035700 0.009697
0 0.514737 0.182184 0.041511 0.040177
0 0.428255 0.976725 0.031827 0.033250
0 0.289578 0.685785 0.104591 0.099158
0 0.915874 0.019891 0.030845 0.036812
0 0.844991 0.344674 0.018388 0.036811
0 0.869608 0.349127 0.014237 0.033842
0 0.892445 0.352691 0.012455 0.033844
0 0.916469 0.354174 0.015422 0.033252
0 0.328038 0.975240 0.016609 0.046314
0 0.295710 0.984919 0.014830 0.027669
0 0.262897 0.977645 0.016394 0.042216
0 0.229387 0.977645 0.013417 0.042216
