0 0.384820 0.533333 0.182482 0.415782
0 0.257477 0.168245 0.125569 0.239088
0 0.174755 0.163029 0.096058 0.171324
0 0.078048 0.120391 0.077684 0.118307
0 0.046532 0.038789 0.056915 0.033618
0 0.007382 0.080838 0.014764 0.068945
0 0.076620 0.339323 0.153239 0.386993
0 0.028629 0.405363 0.057257 0.188861
0 0.385966 0.894631 0.133491 0.071249
0 0.477153 0.860375 0.034016 0.042990
0 0.293429 0.926155 0.043519 0.040303
0 0.517852 0.799536 0.114099 0.131119
0 0.100427 0.967304 0.149485 0.065393
0 0.368644 0.819475 0.230807 0.145462
