0 0.674433 0.045314 0.077143 0.056638
0 0.462076 0.224745 0.058448 0.084765
0 0.691083 0.505416 0.078675 0.075467
0 0.459223 0.488807 0.051387 0.049761
0 0.506668 0.572419 0.066997 0.054522
0 0.259604 0.423168 0.047153 0.045076
0 0.610568 0.712424 0.047935 0.044888
0 0.475255 0.811091 0.065056 0.060195
0 0.502624 0.735105 0.062355 0.071003
0 0.721826 0.646206 0.038025 0.019368
0 0.628314 0.584960 0.070223 0.050069
0 0.814143 0.852984 0.067891 0.071868
0 0.716577 0.786677 0.055076 0.067144
0 0.331476 0.866205 0.056576 0.037756
0 0.322859 0.884761 0.057768 0.040091
0 0.053012 0.774105 0.084405 0.063172
0 0.030802 0.807220 0.061605 0.058058
0 0.009944 0.761934 0.019887 0.027195
0 0.026460 0.491639 0.052920 0.064344
0 0.733304 0.991756 0.033821 0.016488
