0 0.542685 0.099072 0.074845 0.070387
0 0.509341 0.028852 0.066825 0.057703
0 0.201664 0.292562 0.064779 0.071125
0 0.363310 0.351893 0.109254 0.115307
0 0.307818 0.377601 0.056321 0.063206
0 0.258576 0.264097 0.054999 0.044362
0 0.509868 0.537742 0.060243 0.041361
0 0.535426 0.629484 0.066850 0.043984
0 0.855251 0.505622 0.034932 0.038441
0 0.772254 0.821547 0.047069 0.049424
0 0.345542 0.011839 0.053309 0.023677
0 0.374554 0.102031 0.063544 0.050864
0 0.734866 0.609870 0.027470 0.017397
0 0.733097 0.587115 0.025031 0.014580
0 0.728475 0.563940 0.029415 0.019102
0 0.726059 0.543819 0.027284 0.016232
