0 0.434093 0.412454 0.065872 0.081930
0 0.457478 0.540860 0.050476 0.040357
0 0.738798 0.564565 0.077740 0.071337
0 0.628898 0.885319 0.104928 0.082029
0 0.396782 0.920071 0.051356 0.041339
0 0.568354 0.969212 0.117220 0.061576
0 0.929168 0.850961 0.086171 0.060489
0 0.899699 0.931580 0.030680 0.039395
0 0.851509 0.864244 0.040795 0.037059
0 0.212069 0.600033 0.115194 0.035956
0 0.731246 0.070561 0.038889 0.037371
0 0.147197 0.068296 0.053794 0.040489
0 0.132046 0.383764 0.020945 0.074116
0 0.052159 0.372636 0.038382 0.037198
0 0.070818 0.564418 0.039432 0.059346
0 0.165133 0.946680 0.093760 0.057421
