0 0.318548 0.330534 0.062937 0.057428
0 0.065313 0.701027 0.058780 0.022539
0 0.132705 0.694401 0.055812 0.023523
0 0.044680 0.667711 0.043047 0.019972
0 0.034734 0.371315 0.058188 0.022355
0 0.029242 0.344329 0.058484 0.028870
0 0.175158 0.279529 0.045719 0.038464
0 0.062641 0.108421 0.042750 0.042661
0 0.657879 0.245721 0.112220 0.063383
0 0.497566 0.152637 0.070656 0.013642
0 0.618988 0.148159 0.058189 0.030788
0 0.603254 0.104863 0.039783 0.031986
0 0.793106 0.176067 0.054328 0.061691
0 0.847880 0.089761 0.048095 0.068216
0 0.973459 0.242206 0.047500 0.026694
0 0.970966 0.212251 0.055575 0.023727
0 0.836005 0.428693 0.058783 0.028339
