0 0.474593 0.341731 0.083322 0.050647
0 0.633708 0.408793 0.079818 0.051679
0 0.618025 0.450911 0.111429 0.063349
0 0.636744 0.502778 0.116788 0.066789
0 0.454327 0.378719 0.135488 0.069532
0 0.442667 0.418349 0.065434 0.048318
0 0.452185 0.484968 0.080560 0.054420
0 0.422686 0.514774 0.067090 0.050126
0 0.596400 0.601942 0.114077 0.072280
0 0.591155 0.645062 0.203834 0.106312
0 0.739819 0.702284 0.066002 0.050768
0 0.747538 0.743465 0.060754 0.050256
0 0.395412 0.624172 0.041803 0.032683
0 0.368208 0.654756 0.079458 0.047212
0 0.568315 0.675320 0.234934 0.120551
0 0.485778 0.683989 0.099061 0.065893
0 0.354389 0.717776 0.047864 0.042317
0 0.476237 0.754251 0.045265 0.042444
0 0.600550 0.793935 0.061568 0.049891
0 0.704003 0.829043 0.064824 0.050041
0 0.449561 0.784825 0.079501 0.050491
0 0.359156 0.758254 0.077193 0.047753
0 0.616270 0.838371 0.031742 0.035016
