0 0.645411 0.129748 0.044531 0.038300
0 0.815522 0.276432 0.038000 0.036777
0 0.666786 0.417312 0.038594 0.056352
0 0.200541 0.479891 0.048391 0.035591
0 0.040672 0.768506 0.048687 0.043372
0 0.279361 0.877319 0.042750 0.035591
0 0.333838 0.693184 0.047798 0.037461
0 0.909779 0.793087 0.041861 0.036775
0 0.878013 0.876726 0.046017 0.046267
0 0.641403 0.840541 0.050172 0.021355
0 0.644966 0.861302 0.050172 0.017795
0 0.647341 0.882657 0.044234 0.016608
0 0.670200 0.921213 0.043641 0.020167
0 0.673019 0.939602 0.034437 0.021355
0 0.407167 0.448750 0.037703 0.039744
0 0.921209 0.403966 0.052252 0.037962
0 0.399299 0.330412 0.045123 0.046267
