0 0.957651 0.811713 0.075038 0.072440
0 0.531278 0.942782 0.061932 0.058828
0 0.900264 0.659032 0.068096 0.061972
0 0.934858 0.570897 0.050776 0.050622
0 0.920808 0.133424 0.055117 0.084375
0 0.676154 0.019213 0.062271 0.038425
0 0.110377 0.085760 0.053754 0.060587
0 0.064238 0.089187 0.046028 0.054979
0 0.407302 0.126085 0.049326 0.051612
0 0.339164 0.145801 0.040186 0.042573
0 0.448619 0.792354 0.062984 0.063333
0 0.631731 0.930427 0.044286 0.041876
0 0.193857 0.670917 0.048028 0.050562
0 0.121023 0.688766 0.059171 0.055315
0 0.019872 0.399779 0.039743 0.038565
