0 0.608138 0.489721 0.031857 0.139184
0 0.721807 0.140316 0.049371 0.056869
0 0.701502 0.023362 0.027235 0.046723
0 0.744437 0.026216 0.038252 0.052432
0 0.872367 0.240041 0.034662 0.056515
0 0.926324 0.721092 0.037870 0.063425
0 0.840123 0.931632 0.039474 0.104241
0 0.263013 0.550591 0.016169 0.117589
0 0.409664 0.452471 0.012578 0.066524
0 0.097371 0.471275 0.021212 0.091965
0 0.206300 0.177515 0.046072 0.060455
0 0.020085 0.265562 0.040008 0.038572
0 0.446870 0.169221 0.038420 0.033203
0 0.566696 0.126212 0.032106 0.035700
0 0.917078 0.064304 0.024542 0.037639
0 0.671028 0.773641 0.068342 0.083004
