0 0.434202 0.299164 0.064781 0.054433
0 0.369378 0.133522 0.051233 0.080041
0 0.244896 0.346705 0.061764 0.051486
0 0.054982 0.300914 0.038433 0.080070
0 0.387441 0.794879 0.018758 0.099398
0 0.349570 0.719141 0.059882 0.041415
0 0.428381 0.682438 0.057274 0.053731
0 0.974569 0.661651 0.035420 0.046032
0 0.903322 0.597239 0.035178 0.058801
0 0.518161 0.376427 0.058487 0.044666
0 0.861884 0.745556 0.045268 0.046239
0 0.818817 0.881406 0.060678 0.053895
0 0.929824 0.894586 0.044454 0.064820
0 0.952797 0.100018 0.018622 0.075760
0 0.244073 0.195981 0.025113 0.024271
0 0.247509 0.169252 0.027781 0.022163
