0 0.536445 0.344018 0.082018 0.045376
0 0.372972 0.399598 0.079174 0.046596
0 0.385415 0.442686 0.111491 0.056216
0 0.363454 0.493310 0.116733 0.059473
0 0.553936 0.382213 0.135346 0.060523
0 0.562899 0.422343 0.063924 0.044495
0 0.548749 0.488525 0.080028 0.049604
0 0.576116 0.520135 0.066497 0.046559
0 0.396649 0.594904 0.114698 0.064937
0 0.399242 0.638495 0.206283 0.093352
0 0.246688 0.684980 0.065499 0.047089
0 0.235998 0.725603 0.059721 0.046602
0 0.596056 0.629916 0.040608 0.032476
0 0.619551 0.663493 0.080309 0.041712
0 0.419552 0.670092 0.238349 0.104567
0 0.501258 0.684514 0.099044 0.059555
0 0.630045 0.727384 0.046335 0.039812
0 0.505987 0.755227 0.043766 0.039896
0 0.379143 0.786218 0.060545 0.046247
0 0.272731 0.813680 0.065688 0.046119
0 0.530249 0.787408 0.079684 0.045499
0 0.622605 0.767296 0.076285 0.042922
0 0.360387 0.829425 0.029975 0.033622
