0 0.249080 0.136891 0.053438 0.077248
0 0.156157 0.179051 0.061158 0.040442
0 0.268970 0.017675 0.040969 0.035350
0 0.030727 0.269462 0.061453 0.062734
0 0.013359 0.329338 0.026719 0.033258
0 0.218502 0.588879 0.044531 0.085523
0 0.505730 0.607291 0.049578 0.042761
0 0.551003 0.546414 0.035031 0.040981
0 0.551895 0.431492 0.059377 0.019006
0 0.788505 0.677372 0.043344 0.042763
0 0.902655 0.561856 0.056109 0.024350
0 0.852037 0.761115 0.077783 0.023755
0 0.469808 0.211744 0.059672 0.039197
0 0.529926 0.185314 0.053439 0.058797
0 0.885288 0.185909 0.082531 0.039792
0 0.343337 0.105432 0.036516 0.085523
0 0.153634 0.985057 0.041859 0.027392
0 0.947037 0.340326 0.075406 0.038605
0 0.626707 0.893725 0.042752 0.022903
0 0.632348 0.919690 0.051656 0.026133
