0 0.331528 0.541583 0.066220 0.060502
0 0.055643 0.271562 0.066472 0.079282
0 0.205899 0.142030 0.067725 0.073462
0 0.033292 0.152826 0.039690 0.051313
0 0.624489 0.933889 0.060612 0.048004
0 0.495433 0.874114 0.063901 0.058430
0 0.505906 0.778969 0.048485 0.054521
0 0.626992 0.608734 0.062897 0.065634
0 0.602157 0.763135 0.073665 0.066435
0 0.924429 0.832680 0.058926 0.076870
0 0.687705 0.388837 0.024433 0.031561
0 0.745352 0.488848 0.049520 0.043356
0 0.713334 0.441653 0.063329 0.079848
0 0.608965 0.196341 0.091173 0.081889
0 0.744229 0.032401 0.058346 0.064801
0 0.950412 0.412119 0.049327 0.041854
0 0.915341 0.212555 0.053501 0.052855
0 0.764170 0.560506 0.045878 0.043974
0 0.473971 0.502130 0.046863 0.054771
