0 0.056853 0.678502 0.113705 0.070067
0 0.504656 0.122028 0.140830 0.063782
0 0.446397 0.216248 0.061282 0.055530
0 0.440051 0.415500 0.083339 0.037148
0 0.326374 0.645229 0.097362 0.058693
0 0.444265 0.682379 0.086404 0.063159
0 0.746393 0.859287 0.060559 0.055601
0 0.980801 0.361290 0.038397 0.034184
0 0.776207 0.703916 0.084543 0.071853
0 0.586937 0.733567 0.043086 0.053297
0 0.649102 0.431949 0.108152 0.098760
0 0.854770 0.250329 0.053179 0.021822
0 0.857317 0.222531 0.051378 0.022510
0 0.865747 0.190385 0.057945 0.028591
0 0.670464 0.103631 0.041780 0.015911
