0 0.217508 0.149750 0.141893 0.126643
0 0.841628 0.784495 0.131987 0.094198
0 0.831534 0.934737 0.073895 0.069885
0 0.585224 0.943666 0.076108 0.056010
0 0.730515 0.876416 0.069295 0.066118
0 0.856101 0.697139 0.081946 0.070817
0 0.088523 0.827893 0.117636 0.105989
0 0.058980 0.720576 0.077649 0.065400
0 0.284867 0.644496 0.086239 0.059486
0 0.326133 0.729203 0.076146 0.042790
0 0.700552 0.650792 0.039345 0.027569
0 0.830231 0.625692 0.073440 0.036780
0 0.688314 0.622784 0.039345 0.024709
0 0.682369 0.599128 0.038939 0.023972
0 0.682701 0.576295 0.022002 0.017491
0 0.361802 0.018863 0.049427 0.016663
0 0.550288 0.020619 0.034943 0.041239
