0 0.864561 0.041186 0.082173 0.082371
0 0.676751 0.056093 0.061562 0.071574
0 0.789387 0.158162 0.048589 0.049329
0 0.956523 0.104528 0.059719 0.120190
0 0.967156 0.024242 0.029750 0.048484
0 0.939449 0.570611 0.048487 0.047518
0 0.865335 0.938925 0.033932 0.029945
0 0.876343 0.958654 0.036880 0.031113
0 0.594253 0.865544 0.094318 0.070613
0 0.565194 0.769334 0.045597 0.048715
0 0.621287 0.767039 0.050936 0.075410
0 0.616639 0.730362 0.041315 0.057504
0 0.463868 0.982380 0.062441 0.035240
0 0.229361 0.682637 0.055516 0.052908
0 0.121433 0.688850 0.052371 0.045396
0 0.232608 0.050610 0.072120 0.080360
0 0.628811 0.614746 0.039526 0.052549
0 0.748829 0.108294 0.100960 0.097938
0 0.980632 0.601387 0.038737 0.079362
