0 0.090704 0.109383 0.047623 0.047704
0 0.202043 0.070642 0.040902 0.049328
0 0.269878 0.046845 0.061878 0.031224
0 0.484822 0.198706 0.099145 0.108654
0 0.797726 0.309514 0.108772 0.061374
0 0.843493 0.928798 0.059291 0.036225
0 0.713153 0.935658 0.114678 0.084286
0 0.315168 0.336439 0.044368 0.038727
0 0.320159 0.398693 0.046857 0.056103
0 0.176033 0.319890 0.055872 0.062599
0 0.077261 0.276532 0.034943 0.030870
0 0.036330 0.411187 0.046518 0.035480
0 0.032920 0.446942 0.045207 0.043584
0 0.157093 0.439645 0.042626 0.062175
0 0.137319 0.979301 0.064182 0.041397
0 0.097439 0.983750 0.026154 0.032500
0 0.157213 0.711439 0.053720 0.065583
0 0.295344 0.573427 0.039801 0.042344
0 0.061883 0.371095 0.078669 0.062036
0 0.529482 0.288260 0.056734 0.057282
