0 0.131872 0.294971 0.088950 0.149286
0 0.180657 0.225233 0.044107 0.056280
0 0.885954 0.141525 0.067502 0.044443
0 0.940535 0.175154 0.036860 0.059417
0 0.711893 0.491437 0.039950 0.019887
0 0.712809 0.512626 0.039711 0.018917
0 0.712778 0.535199 0.041076 0.017228
0 0.311275 0.558242 0.038439 0.016638
0 0.325227 0.585453 0.033984 0.016495
0 0.335625 0.613619 0.035607 0.016939
0 0.347839 0.643705 0.040064 0.017229
0 0.511942 0.696110 0.082744 0.075006
0 0.091413 0.496355 0.120762 0.030099
0 0.171461 0.424003 0.037462 0.017685
0 0.162742 0.448849 0.026654 0.019062
0 0.086502 0.524816 0.085298 0.023607
0 0.141957 0.631975 0.103092 0.017968
0 0.190157 0.575424 0.023854 0.017199
0 0.147209 0.671764 0.071787 0.018487
0 0.224117 0.662504 0.050537 0.017795
0 0.152838 0.706475 0.037700 0.015606
0 0.219051 0.502164 0.034011 0.020112
0 0.288274 0.493806 0.049555 0.056487
0 0.225096 0.567777 0.032612 0.054520
0 0.087221 0.380030 0.054185 0.052380
0 0.064081 0.282480 0.060286 0.037249
0 0.905961 0.296365 0.046992 0.036478
0 0.954938 0.295234 0.047715 0.039022
