0 0.184977 0.133242 0.060939 0.114313
0 0.889691 0.023812 0.049116 0.047624
0 0.858190 0.382042 0.063895 0.136685
0 0.750708 0.360809 0.049522 0.060698
0 0.558404 0.416972 0.053300 0.088561
0 0.306464 0.386482 0.055901 0.094834
0 0.307778 0.508961 0.058233 0.084711
0 0.241627 0.851453 0.053472 0.057857
0 0.791225 0.917084 0.034754 0.056614
0 0.399087 0.828483 0.071900 0.088942
0 0.309412 0.659608 0.047848 0.051221
0 0.607229 0.617114 0.093034 0.096637
0 0.849171 0.753527 0.016356 0.053522
0 0.878021 0.748597 0.025134 0.053743
0 0.909994 0.745650 0.020832 0.054110
0 0.930793 0.532587 0.019415 0.038771
