0 0.400095 0.024623 0.073123 0.049247
0 0.580524 0.234020 0.048748 0.080078
0 0.310177 0.475442 0.074608 0.068216
0 0.541734 0.495018 0.049045 0.045673
0 0.482284 0.570351 0.065692 0.048045
0 0.749806 0.461799 0.044291 0.040930
0 0.357737 0.691952 0.044884 0.040928
0 0.476191 0.810586 0.063612 0.053978
0 0.460734 0.732287 0.056477 0.068216
0 0.259348 0.607337 0.037156 0.020342
0 0.359521 0.564123 0.073420 0.040336
0 0.134505 0.799613 0.062125 0.068809
0 0.241067 0.749192 0.049937 0.065250
0 0.609357 0.887996 0.057664 0.029658
0 0.614559 0.907866 0.059152 0.033811
0 0.898877 0.840839 0.083822 0.053978
0 0.920873 0.877615 0.070745 0.053980
0 0.962190 0.832534 0.057070 0.033811
0 0.970067 0.857743 0.056775 0.040336
0 0.970216 0.566198 0.048155 0.061097
0 0.191576 0.954432 0.033589 0.022542
