0 0.116295 0.615482 0.036753 0.077986
0 0.057282 0.605444 0.044023 0.062995
0 0.142197 0.365928 0.076788 0.047971
0 0.051324 0.316879 0.041822 0.062833
0 0.306844 0.511588 0.031222 0.064581
0 0.315245 0.723159 0.042020 0.064100
0 0.330063 0.660634 0.042749 0.049073
0 0.303651 0.813091 0.019525 0.056338
0 0.954498 0.428082 0.091005 0.065585
0 0.451266 0.065712 0.045384 0.073585
0 0.278126 0.202707 0.048980 0.082831
0 0.124510 0.050894 0.041792 0.030599
0 0.189442 0.051571 0.035590 0.030988
0 0.226704 0.047216 0.018731 0.039536
0 0.264652 0.132190 0.056434 0.030096
0 0.459001 0.504793 0.058921 0.033833
0 0.454533 0.533349 0.031904 0.025170
0 0.823981 0.512554 0.044582 0.095345
0 0.840298 0.563409 0.042739 0.116614
0 0.790127 0.622103 0.032206 0.063274
0 0.817806 0.646759 0.025665 0.045078
0 0.853121 0.628604 0.029654 0.038872
0 0.660665 0.921996 0.036919 0.035813
0 0.442498 0.353296 0.043758 0.036670
0 0.114964 0.475220 0.038500 0.023767
0 0.456925 0.556499 0.037139 0.022520
0 0.496158 0.644318 0.059580 0.028309
0 0.938089 0.615780 0.090176 0.091302
