0 0.671283 0.526740 0.065482 0.061350
0 0.922839 0.233450 0.061915 0.078689
0 0.761990 0.117333 0.068298 0.073602
0 0.934676 0.113416 0.037207 0.049400
0 0.413959 0.943024 0.062436 0.052062
0 0.537185 0.872445 0.062948 0.059672
0 0.518562 0.778285 0.048806 0.054276
0 0.382916 0.619530 0.060771 0.066602
0 0.421072 0.771035 0.072366 0.068532
0 0.106851 0.868460 0.054797 0.073028
0 0.303403 0.405568 0.022066 0.031799
0 0.254461 0.510123 0.047745 0.041244
0 0.282445 0.460199 0.058837 0.079270
0 0.365121 0.206887 0.090367 0.080117
0 0.215876 0.052589 0.056107 0.069282
0 0.043650 0.451749 0.048183 0.039743
0 0.061099 0.249603 0.050198 0.051601
0 0.242118 0.583483 0.045479 0.043075
0 0.526389 0.500109 0.047031 0.055227
