0 0.191557 0.225446 0.046433 0.041437
0 0.035302 0.339048 0.070605 0.058614
0 0.225860 0.310536 0.047205 0.042403
0 0.729246 0.148738 0.042276 0.045006
0 0.801494 0.769657 0.058078 0.052474
0 0.704516 0.719570 0.075744 0.064689
0 0.710125 0.300112 0.052659 0.041356
0 0.693867 0.462313 0.042557 0.036281
0 0.687628 0.766409 0.074705 0.045312
0 0.481098 0.493500 0.058849 0.028272
0 0.558017 0.741993 0.058246 0.034527
0 0.498834 0.720737 0.059068 0.023968
0 0.390983 0.855268 0.041402 0.038579
0 0.656991 0.813221 0.040775 0.034486
0 0.679488 0.801912 0.039015 0.034872
0 0.246447 0.652256 0.041158 0.021654
