0 0.937864 0.579358 0.040791 0.056812
0 0.482692 0.099875 0.044995 0.071881
0 0.382873 0.079519 0.037151 0.064788
0 0.627115 0.912520 0.041674 0.045096
0 0.670287 0.844466 0.039203 0.028819
0 0.445419 0.105971 0.029099 0.038655
0 0.591089 0.339686 0.022060 0.037516
0 0.568586 0.338765 0.020769 0.036089
0 0.546815 0.334585 0.017159 0.019935
0 0.261331 0.252760 0.019076 0.053136
0 0.200306 0.232650 0.020266 0.058616
0 0.296554 0.010671 0.023555 0.021341
0 0.209294 0.038785 0.037979 0.056923
0 0.291820 0.035924 0.018117 0.015313
0 0.308731 0.060184 0.014798 0.020292
0 0.247050 0.032008 0.019005 0.021385
0 0.952728 0.755835 0.020796 0.019716
0 0.968235 0.769410 0.021856 0.022293
0 0.939237 0.784267 0.023148 0.022383
0 0.931631 0.812635 0.024295 0.022284
0 0.914582 0.769447 0.022326 0.031127
