0 0.749123 0.437360 0.119495 0.046861
0 0.413828 0.453303 0.057666 0.078747
0 0.338327 0.376264 0.060045 0.074147
0 0.511326 0.847416 0.045777 0.055508
0 0.649248 0.145815 0.085013 0.046267
0 0.825218 0.208355 0.081445 0.063392
0 0.748528 0.410014 0.055287 0.019697
0 0.900720 0.491413 0.035075 0.036328
0 0.868319 0.884490 0.040425 0.018639
0 0.856429 0.906730 0.039236 0.020423
0 0.814369 0.786148 0.038941 0.043302
0 0.850188 0.738101 0.083822 0.027880
0 0.831906 0.758268 0.063313 0.024320
0 0.782713 0.280128 0.147434 0.037453
0 0.492598 0.196531 0.047559 0.017203
0 0.486059 0.242206 0.045181 0.025506
