0 0.742147 0.057486 0.056725 0.105079
0 0.758993 0.537244 0.046217 0.096714
0 0.694247 0.526444 0.056890 0.096937
0 0.971705 0.464575 0.023476 0.048990
0 0.959114 0.533570 0.022510 0.048115
0 0.991417 0.621048 0.017167 0.061537
0 0.959436 0.692648 0.027638 0.066943
0 0.994352 0.696771 0.011297 0.062810
0 0.016831 0.733175 0.009852 0.073431
0 0.630465 0.979095 0.024499 0.028208
0 0.649056 0.863185 0.017103 0.077082
0 0.611167 0.858908 0.016297 0.065714
0 0.581900 0.869195 0.021723 0.043990
0 0.629730 0.710204 0.017266 0.033395
