0 0.274608 0.934673 0.048381 0.050403
0 0.810599 0.734050 0.041500 0.035833
0 0.784958 0.659366 0.065687 0.082252
0 0.135823 0.433412 0.035057 0.096814
0 0.450879 0.326325 0.038966 0.048011
0 0.557129 0.306099 0.045341 0.052578
0 0.403435 0.155130 0.061563 0.067148
0 0.486940 0.042997 0.050264 0.049023
0 0.701434 0.091411 0.066560 0.055342
0 0.203049 0.892635 0.045195 0.049100
0 0.216735 0.803726 0.033749 0.056354
0 0.096088 0.093725 0.046138 0.069913
0 0.833153 0.475995 0.046934 0.046054
0 0.443104 0.719651 0.048310 0.074251
0 0.469068 0.704670 0.036649 0.037635
