0 0.662846 0.899125 0.198093 0.107308
0 0.687886 0.958855 0.188774 0.082290
0 0.762386 0.990319 0.062125 0.019362
0 0.760915 0.718404 0.078795 0.051887
0 0.753769 0.665683 0.082889 0.032337
0 0.498953 0.405114 0.194789 0.301409
0 0.713141 0.538552 0.128230 0.182623
0 0.837012 0.651344 0.072160 0.049926
0 0.822930 0.597269 0.067395 0.061036
0 0.810313 0.546992 0.075408 0.061750
0 0.796019 0.494184 0.073677 0.060333
0 0.713227 0.418596 0.200263 0.111800
0 0.683954 0.302840 0.216006 0.211082
0 0.931751 0.115374 0.051337 0.037108
