0 0.219422 0.778509 0.053366 0.047526
0 0.208413 0.721074 0.035636 0.066544
0 0.059524 0.799792 0.052338 0.066142
0 0.141503 0.860456 0.042486 0.058771
0 0.441682 0.836343 0.076053 0.092903
0 0.460946 0.472152 0.045809 0.077940
0 0.888583 0.853217 0.043594 0.117883
0 0.973744 0.614696 0.041605 0.111969
0 0.797370 0.378575 0.064245 0.062064
0 0.348922 0.234571 0.080134 0.052757
0 0.462668 0.343382 0.069851 0.035398
0 0.388658 0.386473 0.080576 0.052004
0 0.395873 0.516974 0.079510 0.051942
0 0.465745 0.628967 0.075695 0.067200
0 0.666171 0.947915 0.113985 0.049496
0 0.833789 0.288522 0.060333 0.039643
0 0.843891 0.366008 0.039970 0.077005
0 0.616438 0.242572 0.064000 0.038983
0 0.544762 0.860132 0.050134 0.058330
