0 0.948407 0.599776 0.048379 0.046145
0 0.784721 0.682525 0.074321 0.061148
0 0.627402 0.767115 0.055343 0.067791
0 0.486192 0.877961 0.057612 0.065876
0 0.457916 0.958302 0.045430 0.047404
0 0.401491 0.950136 0.037144 0.033431
0 0.383520 0.927956 0.040067 0.028903
0 0.240034 0.977438 0.101184 0.045125
0 0.323197 0.716580 0.064647 0.051886
0 0.135906 0.738224 0.072844 0.060014
0 0.199369 0.488883 0.067323 0.057332
0 0.092390 0.194446 0.089350 0.078705
0 0.575792 0.347763 0.072606 0.075159
0 0.491528 0.251728 0.069074 0.065831
0 0.321134 0.925813 0.057981 0.051826
0 0.423715 0.313333 0.052898 0.049889
0 0.385044 0.205592 0.055644 0.043727
0 0.371931 0.227456 0.057088 0.043360
0 0.093808 0.071600 0.056768 0.055698
0 0.320852 0.288466 0.053574 0.049353
0 0.474563 0.350837 0.045974 0.042913
0 0.571187 0.167803 0.053214 0.055395
0 0.617157 0.186763 0.072168 0.054691
0 0.528636 0.137474 0.042719 0.046125
