0 0.099777 0.925893 0.113502 0.102620
0 0.010542 0.778862 0.021083 0.060750
0 0.360461 0.754352 0.030410 0.082923
0 0.446179 0.802918 0.052208 0.083399
0 0.721145 0.604461 0.095699 0.082645
0 0.769238 0.968184 0.056524 0.063632
0 0.975143 0.371796 0.049713 0.068859
0 0.979727 0.523452 0.040546 0.061222
0 0.596285 0.393649 0.060887 0.076052
0 0.543963 0.248467 0.050665 0.053916
0 0.547476 0.132180 0.052890 0.048075
0 0.698731 0.331727 0.053848 0.051783
0 0.867586 0.233716 0.064416 0.056916
0 0.538970 0.534882 0.085824 0.093499
0 0.588796 0.482735 0.087195 0.092429
0 0.109770 0.341552 0.042132 0.044997
0 0.112977 0.429454 0.047872 0.049311
0 0.856092 0.520365 0.065594 0.058817
0 0.688256 0.059250 0.046130 0.057013
