0 0.417902 0.299886 0.708096 0.522235
0 0.053457 0.394090 0.054577 0.135550
0 0.053246 0.668523 0.062820 0.069667
0 0.189592 0.844966 0.086584 0.129358
0 0.473242 0.491202 0.086609 0.039810
0 0.390610 0.284745 0.106543 0.024194
0 0.393513 0.310945 0.103728 0.022674
0 0.499814 0.015747 0.039705 0.031495
0 0.881685 0.016025 0.049482 0.032051
0 0.816369 0.716140 0.060245 0.065703
0 0.723278 0.755438 0.034631 0.041460
0 0.199438 0.344381 0.084525 0.073598
0 0.184125 0.397165 0.039471 0.020919
0 0.843300 0.327555 0.066546 0.097371
0 0.322507 0.750190 0.125645 0.123676
0 0.669787 0.798799 0.038772 0.025671
