0 0.139580 0.749590 0.072884 0.077056
0 0.213731 0.767778 0.054398 0.056014
0 0.347888 0.894976 0.047850 0.039774
0 0.440322 0.688848 0.086951 0.080139
0 0.234653 0.548899 0.061184 0.053906
0 0.095930 0.463250 0.041501 0.039400
0 0.064755 0.440758 0.036526 0.044953
0 0.262059 0.299202 0.058303 0.060200
0 0.131494 0.405902 0.040098 0.050742
0 0.519671 0.109258 0.048467 0.057893
0 0.922969 0.203910 0.053915 0.054741
0 0.880070 0.484208 0.045229 0.049828
0 0.800029 0.435053 0.039343 0.045349
0 0.599514 0.857722 0.052699 0.045487
0 0.983122 0.465778 0.033756 0.037501
0 0.584129 0.812215 0.036973 0.041582
0 0.544808 0.894151 0.037220 0.026892
0 0.748512 0.327824 0.023247 0.039814
0 0.715964 0.319661 0.024171 0.035090
0 0.418641 0.203640 0.044626 0.043977
0 0.471271 0.343711 0.036908 0.037259
0 0.443443 0.331894 0.034169 0.036540
0 0.222945 0.340270 0.042703 0.042070
