0 0.413015 0.936445 0.057137 0.041569
0 0.900310 0.489683 0.072311 0.046091
0 0.922449 0.390214 0.064200 0.036169
0 0.085244 0.619510 0.045655 0.041652
0 0.152634 0.664231 0.029410 0.039484
0 0.894733 0.452350 0.038520 0.029678
0 0.658712 0.593875 0.037702 0.022686
0 0.659994 0.571415 0.036253 0.021344
0 0.664431 0.549634 0.019948 0.016930
0 0.751211 0.266131 0.053110 0.019103
0 0.772534 0.205059 0.058804 0.021184
0 0.990965 0.305070 0.018069 0.023598
0 0.966238 0.217499 0.057303 0.038541
0 0.967634 0.299971 0.015540 0.018259
0 0.942981 0.316274 0.020336 0.014766
0 0.972170 0.255278 0.021381 0.019333
0 0.236331 0.948193 0.019768 0.020790
0 0.222432 0.963430 0.022296 0.021788
0 0.208095 0.934191 0.022283 0.023146
0 0.179880 0.926060 0.022282 0.024256
0 0.223341 0.909848 0.030942 0.022194
