0 0.031577 0.320299 0.063154 0.050359
0 0.796259 0.597251 0.117211 0.108892
0 0.622771 0.969542 0.067706 0.056069
0 0.931822 0.937879 0.055554 0.056988
0 0.856879 0.890557 0.056962 0.048773
0 0.823699 0.976364 0.037328 0.033608
0 0.814964 0.950943 0.040170 0.035018
0 0.807495 0.918476 0.056769 0.042161
0 0.707824 0.054944 0.112252 0.028110
0 0.683922 0.470336 0.054658 0.063164
0 0.089294 0.417621 0.062310 0.030990
0 0.086278 0.449518 0.058179 0.031014
0 0.090642 0.016598 0.056672 0.017402
0 0.709912 0.636898 0.120697 0.135748
0 0.860584 0.518937 0.113752 0.112012
0 0.796910 0.450971 0.106378 0.060989
0 0.861108 0.030708 0.025905 0.051825
