0 0.012033 0.444425 0.024066 0.092625
0 0.243518 0.513152 0.043355 0.067986
0 0.597398 0.341408 0.077617 0.052844
0 0.662525 0.022117 0.036822 0.044234
0 0.653963 0.111330 0.058897 0.036812
0 0.545820 0.221766 0.039794 0.041564
0 0.767351 0.269416 0.040980 0.041859
0 0.805243 0.219986 0.035992 0.049875
0 0.767648 0.137751 0.019006 0.081345
0 0.775666 0.035773 0.018412 0.071547
0 0.970173 0.164321 0.045139 0.066795
0 0.985948 0.235127 0.025611 0.040969
0 0.955622 0.515378 0.054047 0.055219
0 0.884649 0.609191 0.061767 0.050470
0 0.795562 0.559612 0.049889 0.041563
0 0.800046 0.664410 0.055295 0.056408
0 0.597697 0.665598 0.052081 0.051658
0 0.828524 0.768020 0.083742 0.060562
0 0.810113 0.164173 0.037416 0.033252
0 0.159776 0.436409 0.017223 0.074219
0 0.113154 0.743677 0.027320 0.026125
0 0.086724 0.736997 0.027914 0.025828
0 0.037133 0.981950 0.022569 0.033606
0 0.668761 0.889740 0.049294 0.096189
0 0.439509 0.195345 0.043356 0.042156
0 0.383176 0.387128 0.037592 0.035031
0 0.111790 0.021078 0.070920 0.040375
0 0.756257 0.795630 0.040598 0.074219
0 0.780417 0.752137 0.019600 0.024047
0 0.330527 0.841200 0.017819 0.022266
0 0.301721 0.838380 0.017223 0.020780
0 0.757883 0.493706 0.068369 0.052250
