0 0.451157 0.091277 0.082969 0.030175
0 0.463715 0.119346 0.080275 0.023532
0 0.876683 0.005272 0.042665 0.010543
0 0.643155 0.320597 0.152651 0.123970
0 0.424335 0.411215 0.088519 0.061690
0 0.221161 0.317220 0.068518 0.063180
0 0.301669 0.302167 0.081428 0.049643
0 0.864020 0.753085 0.043290 0.060576
0 0.965552 0.654729 0.068896 0.111246
0 0.797960 0.902579 0.057553 0.050142
0 0.473737 0.968229 0.045926 0.041819
0 0.091441 0.959918 0.074589 0.043620
0 0.821456 0.315919 0.058039 0.065790
0 0.888018 0.265205 0.041242 0.027134
0 0.375301 0.356723 0.037126 0.046230
