0 0.563691 0.680251 0.068488 0.064518
0 0.452313 0.723564 0.060183 0.062383
0 0.384582 0.707898 0.072749 0.066806
0 0.552291 0.872707 0.071194 0.046276
0 0.428173 0.365711 0.077032 0.061973
0 0.538334 0.141135 0.099703 0.091181
0 0.464574 0.114184 0.075554 0.068342
0 0.388203 0.061615 0.116511 0.123231
0 0.264057 0.079872 0.053535 0.043053
0 0.117322 0.148956 0.044245 0.038266
0 0.898133 0.136921 0.039303 0.037717
0 0.051295 0.685614 0.033137 0.036964
0 0.939044 0.844010 0.024616 0.025633
0 0.939856 0.812309 0.030838 0.017685
0 0.945650 0.785878 0.029987 0.021198
0 0.318715 0.308594 0.048890 0.064913
0 0.102616 0.324003 0.066444 0.051339
