0 0.219037 0.460615 0.066526 0.063946
0 0.064315 0.446704 0.052142 0.064043
0 0.293687 0.324512 0.090650 0.057700
0 0.155425 0.312009 0.044076 0.042602
0 0.424408 0.068050 0.052929 0.046339
0 0.365954 0.393740 0.057875 0.061312
0 0.270331 0.555018 0.055177 0.053589
0 0.413783 0.511622 0.051984 0.048738
0 0.383360 0.708984 0.058634 0.057878
0 0.495952 0.646483 0.055109 0.049507
0 0.680775 0.606814 0.063326 0.057400
0 0.756128 0.591633 0.074755 0.062753
0 0.927083 0.542851 0.064790 0.060712
0 0.730536 0.408107 0.057982 0.058456
0 0.660405 0.380201 0.054752 0.044579
0 0.228033 0.759245 0.051164 0.057554
0 0.174682 0.682118 0.042713 0.043244
0 0.157222 0.662665 0.052215 0.049862
0 0.701894 0.875231 0.049935 0.067239
0 0.296802 0.879573 0.043200 0.045391
0 0.684851 0.648024 0.046345 0.043908
0 0.320587 0.833887 0.058302 0.049553
0 0.694842 0.260073 0.089104 0.090761
