0 0.691999 0.964702 0.087844 0.070596
0 0.573292 0.720477 0.060081 0.038488
0 0.711193 0.369105 0.069167 0.120026
0 0.647178 0.371989 0.055947 0.114051
0 0.529727 0.170327 0.079484 0.052163
0 0.676839 0.169681 0.067300 0.084057
0 0.696008 0.630784 0.038403 0.019845
0 0.436787 0.475728 0.037537 0.054128
0 0.225080 0.472953 0.043937 0.055117
0 0.398875 0.530465 0.078282 0.017079
0 0.249175 0.533140 0.077560 0.017837
0 0.268718 0.506128 0.038862 0.012882
0 0.386156 0.504897 0.041094 0.020994
0 0.055733 0.679400 0.062867 0.021440
0 0.066406 0.647837 0.038695 0.017902
0 0.053052 0.629779 0.018956 0.016904
0 0.040024 0.539904 0.054295 0.049655
0 0.920408 0.222296 0.052277 0.040203
