0 0.485287 0.672595 0.061692 0.064532
0 0.795593 0.903299 0.077783 0.057928
0 0.900336 0.734853 0.073311 0.068383
0 0.916007 0.906656 0.047598 0.035015
0 0.052093 0.445204 0.055025 0.063554
0 0.130932 0.563088 0.060339 0.061841
0 0.223788 0.538043 0.053783 0.048795
0 0.372484 0.391489 0.067011 0.058736
0 0.224128 0.440097 0.069835 0.070930
0 0.104923 0.132869 0.069553 0.053536
0 0.580523 0.297364 0.031816 0.020050
0 0.472906 0.255658 0.039328 0.046063
0 0.524740 0.280260 0.078373 0.054918
0 0.783065 0.345120 0.078260 0.089227
0 0.926806 0.185504 0.068500 0.054008
0 0.516268 0.041400 0.037836 0.047003
0 0.719373 0.044649 0.050314 0.047278
0 0.398585 0.248564 0.042119 0.044910
0 0.501509 0.526533 0.055289 0.046907
