0 0.338084 0.045895 0.065375 0.075969
0 0.576397 0.066828 0.072217 0.078164
0 0.698404 0.108625 0.076016 0.070539
0 0.083238 0.176181 0.050552 0.085845
0 0.249335 0.389897 0.055872 0.045854
0 0.378754 0.385856 0.066135 0.091922
0 0.498479 0.381062 0.062334 0.060488
0 0.498005 0.505743 0.068226 0.047425
0 0.188712 0.519636 0.065375 0.049380
0 0.189471 0.674714 0.048651 0.071967
0 0.068605 0.663143 0.048651 0.038595
0 0.162486 0.829745 0.057013 0.039952
0 0.457811 0.699509 0.044089 0.058843
0 0.360510 0.869884 0.027366 0.024200
0 0.365070 0.842043 0.051691 0.036042
