0 0.360977 0.697288 0.050980 0.063138
0 0.027353 0.700442 0.047557 0.050733
0 0.027585 0.831822 0.043130 0.061347
0 0.047672 0.557506 0.072415 0.096894
0 0.052565 0.400368 0.074995 0.095008
0 0.026492 0.060159 0.052983 0.048408
0 0.153518 0.260230 0.073682 0.100927
0 0.630395 0.883456 0.058616 0.052693
0 0.733436 0.949016 0.045955 0.046382
0 0.911835 0.931783 0.052687 0.063171
0 0.755188 0.766707 0.043236 0.055951
0 0.939306 0.801144 0.030025 0.058679
0 0.882086 0.704206 0.047674 0.044017
0 0.613080 0.390568 0.084647 0.111540
0 0.649156 0.257856 0.074505 0.084886
0 0.830776 0.185783 0.067927 0.062275
0 0.717116 0.102238 0.055297 0.080365
0 0.866406 0.070912 0.068942 0.051912
0 0.350891 0.035613 0.070712 0.062873
0 0.342039 0.219581 0.089295 0.059986
0 0.356905 0.161054 0.069243 0.053185
0 0.299274 0.135377 0.049555 0.036976
0 0.221147 0.132292 0.066709 0.068275
0 0.257221 0.026667 0.085117 0.044003
0 0.463881 0.378343 0.031150 0.056367
0 0.849169 0.559412 0.042067 0.024187
