0 0.716794 0.393594 0.058750 0.044082
0 0.772123 0.064664 0.047089 0.044519
0 0.903153 0.081878 0.056893 0.045204
0 0.627249 0.061894 0.091255 0.062919
0 0.471452 0.042630 0.088468 0.064763
0 0.317161 0.120790 0.094112 0.062355
0 0.858067 0.688827 0.045303 0.055226
0 0.906333 0.802037 0.041039 0.042970
0 0.862598 0.974207 0.059061 0.045113
0 0.723607 0.794068 0.056410 0.035572
0 0.728302 0.981200 0.056960 0.022235
0 0.641928 0.909559 0.038801 0.043613
0 0.373941 0.594969 0.103915 0.074130
0 0.237650 0.609275 0.078219 0.066278
0 0.137902 0.777224 0.055484 0.063654
0 0.073036 0.652059 0.075810 0.045315
0 0.020446 0.794228 0.040892 0.067391
0 0.065011 0.279940 0.055580 0.064724
0 0.247992 0.300089 0.048676 0.086419
0 0.187232 0.305627 0.044858 0.065183
0 0.171233 0.244543 0.032610 0.047741
0 0.180460 0.167221 0.061952 0.060271
0 0.065142 0.183570 0.046113 0.082375
0 0.385363 0.445203 0.055240 0.023900
0 0.503838 0.853773 0.019773 0.040598
