0 0.367896 0.925163 0.058721 0.045961
0 0.898863 0.531616 0.074425 0.052361
0 0.931199 0.435668 0.060941 0.040813
0 0.074499 0.575164 0.048709 0.045189
0 0.137483 0.626907 0.032766 0.040916
0 0.897495 0.494164 0.039606 0.032958
0 0.648102 0.609963 0.038577 0.026290
0 0.651639 0.587904 0.037206 0.024653
0 0.657487 0.566418 0.019899 0.018039
0 0.773699 0.294434 0.053240 0.023024
0 0.801840 0.235413 0.059551 0.026545
0 0.981868 0.266407 0.036264 0.037590
0 0.985956 0.350074 0.016800 0.018991
0 0.959107 0.362624 0.020465 0.014480
0 0.991784 0.305816 0.016432 0.020568
0 0.191096 0.918168 0.019953 0.020624
0 0.175345 0.931684 0.022174 0.021238
0 0.164211 0.901196 0.021541 0.022986
0 0.137097 0.889969 0.022128 0.023866
0 0.181916 0.878876 0.029636 0.021268
