0 0.095316 0.156164 0.084531 0.091622
0 0.013504 0.164875 0.027008 0.038697
0 0.171041 0.673456 0.067986 0.074442
0 0.412490 0.174563 0.082705 0.069807
0 0.400133 0.331370 0.078268 0.069472
0 0.662161 0.318046 0.050133 0.053608
0 0.813130 0.724971 0.093118 0.088629
0 0.483708 0.974851 0.077034 0.050297
0 0.269983 0.884267 0.061753 0.054233
0 0.252865 0.812615 0.029049 0.060190
0 0.834631 0.845615 0.056419 0.076138
0 0.948824 0.862126 0.061532 0.069988
0 0.703219 0.952373 0.063695 0.064672
0 0.567613 0.173148 0.046806 0.045689
0 0.523278 0.104902 0.065888 0.060783
0 0.557417 0.014751 0.058291 0.029502
0 0.480290 0.125565 0.045069 0.035403
0 0.158541 0.053447 0.070577 0.048495
0 0.288136 0.661976 0.042045 0.035351
