0 0.737420 0.881782 0.134835 0.117863
0 0.195751 0.176190 0.129568 0.082479
0 0.224179 0.030446 0.069348 0.060892
0 0.469301 0.049236 0.073826 0.050125
0 0.317381 0.097983 0.064578 0.062653
0 0.171169 0.260976 0.078387 0.066067
0 0.946097 0.225746 0.107807 0.097352
0 0.963074 0.335970 0.073852 0.057340
0 0.731361 0.383222 0.084593 0.052092
0 0.700522 0.294333 0.077281 0.035489
0 0.319301 0.326071 0.039119 0.024442
0 0.187619 0.335135 0.074270 0.028209
0 0.328333 0.355047 0.039119 0.021240
0 0.331149 0.379449 0.038493 0.019990
0 0.328088 0.402258 0.021248 0.016239
0 0.962533 0.021612 0.047275 0.028054
0 0.980909 0.799335 0.028917 0.059184
0 0.981602 0.868458 0.023287 0.056309
0 0.577788 0.993766 0.048649 0.012468
0 0.391647 0.969827 0.031203 0.040123
