0 0.638487 0.533352 0.038644 0.076963
0 0.683966 0.441864 0.079664 0.038091
0 0.815945 0.409599 0.076095 0.020761
0 0.836157 0.898103 0.064205 0.048594
0 0.273171 0.738413 0.086795 0.040544
0 0.196777 0.963330 0.043398 0.035591
0 0.273170 0.493831 0.039238 0.051606
0 0.209262 0.318353 0.039830 0.052587
0 0.030468 0.290966 0.060936 0.039744
0 0.019173 0.505695 0.038345 0.084823
0 0.218774 0.120555 0.048155 0.041264
0 0.315380 0.191312 0.041616 0.069402
0 0.023037 0.036619 0.046073 0.073237
0 0.445277 0.056957 0.042209 0.035589
0 0.670887 0.794867 0.067772 0.016609
