0 0.274250 0.185923 0.081785 0.054222
0 0.486066 0.395662 0.056867 0.061149
0 0.640844 0.356378 0.074886 0.034365
0 0.623870 0.318933 0.055963 0.029282
0 0.609006 0.293949 0.022623 0.015156
0 0.632733 0.847368 0.067013 0.055898
0 0.576016 0.901940 0.054562 0.047090
0 0.785695 0.948667 0.046644 0.044012
0 0.823769 0.892575 0.050812 0.055299
0 0.937328 0.851653 0.031578 0.037343
0 0.810134 0.750738 0.065076 0.044228
0 0.408440 0.105703 0.054063 0.035026
0 0.547290 0.034703 0.050916 0.024187
0 0.725168 0.052015 0.071182 0.051620
0 0.815014 0.347485 0.061243 0.049160
0 0.762965 0.571653 0.078817 0.028342
0 0.469845 0.259089 0.059142 0.060597
0 0.989746 0.363354 0.020507 0.026605
