0 0.843383 0.636850 0.061339 0.056602
0 0.826251 0.235800 0.100999 0.058121
0 0.985173 0.326229 0.029655 0.044031
0 0.959225 0.442524 0.052404 0.055097
0 0.353345 0.306180 0.088486 0.066674
0 0.034330 0.650386 0.068659 0.057392
0 0.363251 0.617083 0.057043 0.041397
0 0.360951 0.505353 0.043572 0.042948
0 0.314858 0.956101 0.044398 0.042259
0 0.770095 0.379468 0.027802 0.053591
0 0.744117 0.374769 0.029588 0.062612
0 0.929965 0.241719 0.038678 0.037949
0 0.489085 0.061781 0.050138 0.064300
0 0.434494 0.275043 0.049345 0.043536
0 0.478008 0.511010 0.038450 0.036881
