0 0.236531 0.945219 0.036414 0.038643
0 0.042388 0.778696 0.017068 0.084531
0 0.063471 0.939338 0.018446 0.046180
0 0.102991 0.587746 0.021303 0.067147
0 0.047305 0.332849 0.022979 0.094520
0 0.029111 0.312806 0.020367 0.051828
0 0.228562 0.591900 0.036488 0.065853
0 0.463669 0.357814 0.074713 0.044473
0 0.385090 0.109959 0.037681 0.056336
0 0.366039 0.056238 0.065461 0.047889
0 0.015501 0.657698 0.031001 0.041332
0 0.086007 0.306801 0.027331 0.032670
0 0.066466 0.181404 0.041857 0.038827
0 0.502734 0.167730 0.039017 0.060385
0 0.764476 0.356610 0.037121 0.052120
0 0.912356 0.336962 0.038411 0.060631
0 0.937176 0.458441 0.035163 0.060890
0 0.794296 0.528116 0.036024 0.061664
0 0.685466 0.776286 0.018200 0.078209
0 0.633698 0.671882 0.036575 0.044454
0 0.780317 0.789367 0.021462 0.125373
0 0.800687 0.740920 0.016074 0.031510
0 0.823149 0.078135 0.024325 0.038734
0 0.844190 0.084485 0.025560 0.041486
0 0.867134 0.091669 0.022155 0.036651
0 0.808268 0.354558 0.034386 0.061705
0 0.699209 0.159772 0.130668 0.090288
0 0.491114 0.104654 0.015762 0.035696
0 0.519573 0.113144 0.018040 0.041888
0 0.094420 0.241896 0.013156 0.039247
0 0.116816 0.241083 0.017737 0.016613
0 0.173958 0.238116 0.015889 0.019027
0 0.212040 0.175930 0.018578 0.017383
0 0.185750 0.195795 0.009980 0.013736
