0 0.846803 0.768088 0.072244 0.076493
0 0.771791 0.782501 0.054323 0.055944
0 0.631081 0.902425 0.047582 0.041242
0 0.549284 0.691710 0.085842 0.079866
0 0.762764 0.562936 0.060475 0.053674
0 0.905504 0.484428 0.040636 0.039309
0 0.937753 0.463656 0.035442 0.045098
0 0.748254 0.311955 0.057133 0.060829
0 0.872922 0.425276 0.039712 0.050624
0 0.500500 0.108968 0.046205 0.057767
0 0.093015 0.182256 0.052933 0.054187
0 0.121234 0.464208 0.044470 0.049367
0 0.203575 0.419478 0.037972 0.044185
0 0.381900 0.851855 0.052868 0.046381
0 0.018941 0.440516 0.032964 0.037123
0 0.399635 0.807604 0.037668 0.041965
0 0.434434 0.891222 0.037417 0.027882
0 0.260826 0.315037 0.021419 0.039474
0 0.293805 0.308560 0.022502 0.034730
0 0.596784 0.208264 0.043974 0.043994
0 0.536890 0.345466 0.035888 0.038096
0 0.565305 0.335029 0.033015 0.037094
0 0.785014 0.354962 0.042606 0.042517
