0 0.419327 0.244869 0.708666 0.407640
0 0.052061 0.590361 0.054200 0.133798
0 0.058405 0.317031 0.062340 0.069731
0 0.203456 0.144398 0.087471 0.132275
0 0.472308 0.507919 0.086454 0.042687
0 0.383579 0.709489 0.106463 0.024264
0 0.386602 0.684765 0.103700 0.025137
0 0.482489 0.983794 0.039713 0.032413
0 0.863864 0.990061 0.046937 0.019879
0 0.823818 0.294957 0.061362 0.066366
0 0.732129 0.252385 0.035679 0.041955
0 0.193863 0.645126 0.086200 0.076321
0 0.180729 0.591748 0.038717 0.022283
0 0.837186 0.684244 0.069674 0.099199
0 0.331347 0.243657 0.129884 0.125767
0 0.680160 0.207286 0.039076 0.026731
