0 0.768188 0.180633 0.056399 0.053460
0 0.870243 0.169546 0.062326 0.051271
0 0.831134 0.646068 0.084639 0.088949
0 0.705430 0.752011 0.074684 0.018249
0 0.895956 0.771392 0.058383 0.045101
0 0.865901 0.877870 0.042279 0.036634
0 0.168618 0.266918 0.065280 0.045199
0 0.224707 0.358382 0.055013 0.062078
0 0.234907 0.548226 0.038317 0.040246
0 0.009562 0.472422 0.019124 0.047331
0 0.007999 0.527917 0.015999 0.065217
0 0.952164 0.331404 0.064091 0.054236
0 0.954059 0.392892 0.056281 0.048523
0 0.803888 0.345989 0.045678 0.044440
0 0.875552 0.444297 0.043780 0.041972
0 0.697447 0.558386 0.023829 0.020185
0 0.863650 0.548021 0.043850 0.040834
0 0.803891 0.896646 0.038288 0.032001
0 0.672962 0.889703 0.035219 0.022184
0 0.675373 0.928746 0.034526 0.018693
0 0.126273 0.541863 0.078678 0.068760
0 0.286238 0.708214 0.042690 0.061985
