0 0.730672 0.547302 0.089355 0.079940
0 0.703405 0.493000 0.109443 0.092537
0 0.671867 0.459205 0.087897 0.061716
0 0.770981 0.391451 0.050446 0.048235
0 0.639943 0.421115 0.088804 0.078756
0 0.175482 0.636523 0.133952 0.119399
0 0.088617 0.663640 0.065605 0.067563
0 0.010088 0.431133 0.020176 0.055782
0 0.320183 0.628720 0.095562 0.097230
0 0.362520 0.659404 0.055830 0.065060
0 0.505541 0.508522 0.058104 0.059110
0 0.576512 0.642262 0.076189 0.062612
0 0.511561 0.754512 0.056939 0.050455
0 0.396661 0.857175 0.063556 0.065054
0 0.460473 0.917193 0.065880 0.064265
0 0.530157 0.971646 0.055102 0.049421
0 0.697751 0.914197 0.055151 0.062278
0 0.721843 0.952604 0.062349 0.038703
0 0.875984 0.914649 0.066563 0.066128
0 0.968396 0.904308 0.048420 0.043540
0 0.681304 0.183447 0.042402 0.050952
0 0.734409 0.109984 0.045998 0.043698
0 0.453194 0.065275 0.058750 0.056607
