0 0.025490 0.543694 0.050029 0.045628
0 0.031741 0.059546 0.063482 0.027286
0 0.325964 0.141549 0.076276 0.065980
0 0.288028 0.054491 0.085632 0.066703
0 0.535982 0.099837 0.110790 0.083941
0 0.414130 0.055111 0.108551 0.065762
0 0.896921 0.372644 0.065177 0.073876
0 0.939650 0.435700 0.111976 0.057271
0 0.942105 0.600067 0.063145 0.088795
0 0.907267 0.839293 0.115145 0.095601
0 0.590483 0.837038 0.070407 0.048959
0 0.511592 0.815635 0.074038 0.047294
0 0.388653 0.900552 0.097820 0.082855
0 0.385622 0.712965 0.070203 0.040557
0 0.578471 0.499854 0.083896 0.042368
0 0.568657 0.459077 0.073969 0.031215
0 0.648808 0.503007 0.042561 0.037081
0 0.644252 0.459586 0.035321 0.021799
0 0.781216 0.837179 0.081419 0.063579
0 0.152406 0.183248 0.084059 0.060451
