0 0.944663 0.258680 0.046886 0.054242
0 0.075736 0.751271 0.076122 0.070371
0 0.214502 0.473505 0.049762 0.051258
0 0.258195 0.545947 0.046121 0.044056
0 0.186040 0.418755 0.053134 0.049379
0 0.653457 0.138067 0.074709 0.056666
0 0.985782 0.829226 0.028437 0.029167
0 0.925680 0.820091 0.062462 0.059825
0 0.966796 0.370007 0.035373 0.030378
0 0.959031 0.340176 0.041426 0.028823
0 0.951493 0.313472 0.042702 0.022457
0 0.707080 0.416814 0.060573 0.056657
0 0.891357 0.861915 0.058205 0.040591
0 0.486566 0.567298 0.043779 0.044708
0 0.365685 0.575461 0.146027 0.138345
0 0.333322 0.396518 0.051971 0.049036
0 0.983453 0.484022 0.031325 0.041339
