0 0.356041 0.065183 0.121942 0.079623
0 0.279639 0.133724 0.048530 0.058649
0 0.310359 0.187037 0.096349 0.058199
0 0.030180 0.469344 0.060359 0.058774
0 0.177820 0.456594 0.047908 0.035302
0 0.281362 0.466606 0.051085 0.072890
0 0.398460 0.535955 0.114458 0.120674
0 0.117553 0.849934 0.102082 0.098724
0 0.618033 0.520405 0.150260 0.103453
0 0.770494 0.569965 0.063540 0.045377
0 0.756161 0.616321 0.072490 0.043306
0 0.921400 0.692446 0.080391 0.110118
0 0.936952 0.513579 0.071571 0.067542
0 0.848743 0.374143 0.063824 0.063569
0 0.777265 0.436059 0.083544 0.049114
0 0.499515 0.399398 0.034467 0.053348
0 0.460066 0.568706 0.037582 0.045446
0 0.464677 0.523290 0.037750 0.044578
0 0.469354 0.443781 0.063075 0.036115
0 0.468668 0.418583 0.054329 0.027655
0 0.478763 0.482660 0.033370 0.038301
0 0.438724 0.469192 0.059318 0.034845
