0 0.544909 0.365043 0.079007 0.045011
0 0.457964 0.311724 0.044474 0.082463
0 0.437480 0.177482 0.027003 0.076581
0 0.925847 0.199714 0.052321 0.065305
0 0.717015 0.746909 0.045994 0.089670
0 0.934958 0.842476 0.038357 0.046284
0 0.474202 0.725403 0.053560 0.043534
0 0.293614 0.773869 0.055108 0.043607
0 0.250839 0.949397 0.044903 0.063599
0 0.463675 0.978407 0.087298 0.043185
0 0.097631 0.747499 0.045019 0.050637
0 0.174830 0.657066 0.068804 0.047403
0 0.017546 0.936924 0.035092 0.047602
0 0.054107 0.515824 0.038666 0.044789
0 0.807918 0.355566 0.021011 0.068755
