0 0.875333 0.481559 0.082098 0.080564
0 0.609654 0.054314 0.076777 0.070773
0 0.301406 0.032273 0.062334 0.054041
0 0.173698 0.113888 0.056252 0.056218
0 0.416952 0.572772 0.150513 0.056281
0 0.451160 0.622880 0.063854 0.050140
0 0.453440 0.680616 0.071456 0.037984
0 0.078677 0.572740 0.082098 0.080527
0 0.018054 0.626136 0.036108 0.077054
0 0.609274 0.709485 0.103383 0.050139
0 0.536488 0.607725 0.036869 0.031985
0 0.625428 0.611484 0.026226 0.033426
0 0.657164 0.660864 0.031927 0.028869
0 0.523375 0.644195 0.022805 0.019841
0 0.531737 0.671558 0.042569 0.025945
0 0.610224 0.671558 0.041429 0.025945
