0 0.170230 0.731204 0.045749 0.079922
0 0.111534 0.736797 0.061335 0.057651
0 0.117629 0.483319 0.079418 0.065519
0 0.022860 0.468355 0.045719 0.064952
0 0.320268 0.571085 0.048872 0.067977
0 0.391653 0.773016 0.044887 0.059152
0 0.388332 0.705367 0.031543 0.043020
0 0.408140 0.857348 0.025227 0.054447
0 0.919071 0.286081 0.103163 0.095297
0 0.316700 0.103136 0.045388 0.072364
0 0.122110 0.060422 0.053540 0.036313
0 0.196519 0.285388 0.069711 0.085084
0 0.013312 0.187332 0.026624 0.036646
0 0.065866 0.169126 0.042245 0.039748
0 0.099712 0.153676 0.027070 0.041098
0 0.162013 0.222488 0.055674 0.045201
0 0.462489 0.515319 0.066492 0.041460
0 0.466663 0.545867 0.036372 0.033445
0 0.812183 0.412265 0.017788 0.095844
0 0.843599 0.454645 0.025068 0.115756
0 0.814496 0.526167 0.019874 0.060951
0 0.848049 0.540692 0.019926 0.041987
0 0.875805 0.513888 0.018488 0.039062
0 0.781537 0.850293 0.038309 0.032196
0 0.400288 0.377437 0.046114 0.041005
0 0.127093 0.597411 0.041657 0.030509
0 0.475452 0.567505 0.040198 0.031591
0 0.541554 0.637741 0.060056 0.042502
0 0.954289 0.473026 0.089684 0.100831
