0 0.482494 0.980159 0.089685 0.039683
0 0.278762 0.838125 0.039035 0.042116
0 0.141537 0.741827 0.056331 0.068855
0 0.925594 0.065148 0.048239 0.036706
0 0.590677 0.269096 0.032702 0.039750
0 0.553697 0.267336 0.035044 0.040781
0 0.423258 0.166801 0.042783 0.026361
0 0.417172 0.196307 0.039475 0.028746
0 0.399155 0.057888 0.041603 0.030475
0 0.380722 0.082945 0.053101 0.031322
0 0.101847 0.202308 0.035627 0.020691
0 0.097657 0.222331 0.037311 0.020827
0 0.096792 0.534377 0.043744 0.039386
0 0.176813 0.634806 0.060339 0.037654
0 0.113099 0.596468 0.024648 0.014905
