0 0.621275 0.291242 0.047293 0.060886
0 0.953303 0.259010 0.046010 0.048858
0 0.943594 0.127423 0.044389 0.059053
0 0.945786 0.403462 0.067345 0.094048
0 0.954337 0.560332 0.069523 0.091654
0 0.992229 0.892721 0.015542 0.037324
0 0.865774 0.708784 0.067596 0.097438
0 0.336652 0.129518 0.056906 0.048737
0 0.227898 0.073393 0.043899 0.043547
0 0.052157 0.105444 0.048628 0.061074
0 0.222371 0.256491 0.039098 0.056377
0 0.036012 0.238520 0.025776 0.057901
0 0.101441 0.329868 0.045557 0.041245
0 0.396665 0.619030 0.079046 0.107632
0 0.372607 0.754141 0.070149 0.081431
0 0.198050 0.841853 0.065754 0.058682
0 0.318466 0.915246 0.049905 0.078073
0 0.172378 0.959063 0.067669 0.047027
0 0.689094 0.949426 0.067592 0.059002
0 0.681815 0.765447 0.087965 0.053868
0 0.672101 0.825396 0.067192 0.048708
0 0.731832 0.845760 0.048695 0.034656
0 0.809749 0.841995 0.063325 0.064961
0 0.784223 0.953343 0.083187 0.045313
0 0.546635 0.618118 0.027205 0.055911
0 0.147199 0.471369 0.041377 0.021801
