0 0.895044 0.789945 0.051416 0.053460
0 0.713371 0.620480 0.057003 0.070093
0 0.782991 0.510335 0.043222 0.044369
0 0.784530 0.419541 0.079276 0.078169
0 0.755115 0.387178 0.056523 0.071258
0 0.738569 0.319840 0.063637 0.072478
0 0.879857 0.107594 0.052820 0.053972
0 0.412489 0.111919 0.070657 0.082665
0 0.442197 0.164404 0.047042 0.048454
0 0.346792 0.302922 0.070745 0.073780
0 0.236642 0.265072 0.047955 0.047743
0 0.089757 0.617283 0.037673 0.065366
0 0.471544 0.932841 0.136735 0.104429
0 0.531854 0.526160 0.056883 0.051503
0 0.599359 0.582538 0.058962 0.057224
0 0.442218 0.394715 0.061758 0.050007
