0 0.832098 0.860254 0.050470 0.052640
0 0.686973 0.659047 0.051574 0.069025
0 0.776215 0.564044 0.043417 0.041706
0 0.794575 0.475618 0.083392 0.067858
0 0.772003 0.437383 0.052464 0.069939
0 0.768449 0.368730 0.056817 0.071472
0 0.948426 0.186937 0.051334 0.052243
0 0.488256 0.102134 0.061305 0.082458
0 0.507829 0.159373 0.046077 0.044909
0 0.387413 0.277544 0.064847 0.073992
0 0.285575 0.219370 0.045328 0.042952
0 0.074826 0.536572 0.026375 0.064627
0 0.392493 0.921830 0.135467 0.091822
0 0.526562 0.531866 0.054288 0.048799
0 0.581696 0.599771 0.057739 0.052015
0 0.463014 0.385977 0.069043 0.060166
