0 0.954895 0.711997 0.064440 0.053873
0 0.211148 0.382415 0.119195 0.105377
0 0.410764 0.026273 0.068300 0.052545
0 0.099915 0.033358 0.054906 0.056145
0 0.171432 0.085261 0.056216 0.047554
0 0.210370 0.009041 0.037573 0.018082
0 0.217403 0.028235 0.040122 0.033428
0 0.222689 0.061002 0.056796 0.039693
0 0.261586 0.929619 0.111921 0.020923
0 0.314504 0.516811 0.057588 0.065310
0 0.904155 0.610686 0.062331 0.034432
0 0.908956 0.578973 0.058108 0.034360
0 0.300282 0.348692 0.117442 0.135707
0 0.141605 0.456257 0.113354 0.110385
0 0.199714 0.528096 0.104885 0.053914
0 0.106986 0.942907 0.029105 0.052362
