0 0.976447 0.683409 0.047105 0.082042
0 0.308020 0.882519 0.064824 0.054912
0 0.130678 0.823107 0.069524 0.061139
0 0.454040 0.894881 0.033125 0.090657
0 0.332707 0.501082 0.022457 0.125672
0 0.358831 0.507440 0.019026 0.141305
0 0.421834 0.534551 0.035622 0.082934
0 0.388101 0.535347 0.016693 0.080327
0 0.392589 0.456365 0.019150 0.048748
0 0.691381 0.525428 0.018208 0.074367
0 0.660466 0.534551 0.014809 0.052927
0 0.603129 0.535739 0.016167 0.062325
0 0.629690 0.530625 0.019852 0.058386
0 0.167961 0.629720 0.055296 0.072600
