0 0.964984 0.282527 0.070032 0.067891
0 0.883957 0.284159 0.061235 0.067844
0 0.755263 0.307411 0.041839 0.044014
0 0.571767 0.358291 0.057936 0.062809
0 0.834342 0.939922 0.057996 0.063878
0 0.685563 0.794011 0.042454 0.057733
0 0.391644 0.769218 0.062456 0.078319
0 0.486235 0.628957 0.019385 0.074170
0 0.221708 0.748218 0.041722 0.043235
0 0.317878 0.677905 0.019156 0.040682
0 0.397687 0.644904 0.017504 0.036364
0 0.897630 0.667171 0.104961 0.110415
0 0.362700 0.231209 0.051628 0.065174
0 0.391650 0.272646 0.052435 0.066693
0 0.385582 0.079433 0.053618 0.064584
0 0.213277 0.217338 0.047616 0.060890
0 0.175755 0.015229 0.027174 0.030459
0 0.229194 0.010493 0.026869 0.020985
0 0.051394 0.076796 0.025393 0.081489
0 0.602137 0.023596 0.069261 0.032609
0 0.901983 0.423235 0.025734 0.035340
0 0.876708 0.411567 0.026293 0.039657
