0 0.173689 0.602086 0.048085 0.069521
0 0.068578 0.660286 0.047644 0.047727
0 0.851403 0.993856 0.039286 0.012287
0 0.773669 0.800582 0.055468 0.062051
0 0.921389 0.874528 0.046079 0.046782
0 0.863402 0.559359 0.049435 0.039758
0 0.822757 0.401366 0.052638 0.045505
0 0.645939 0.223320 0.038431 0.044615
0 0.398023 0.262156 0.055207 0.044164
0 0.869819 0.381987 0.033367 0.050001
0 0.891943 0.393689 0.032608 0.045575
0 0.731177 0.746930 0.050862 0.046709
0 0.619979 0.861976 0.049648 0.043583
0 0.713472 0.991064 0.024686 0.017872
