0 0.391863 0.419457 0.080985 0.076129
0 0.425141 0.562359 0.104858 0.071500
0 0.486443 0.615766 0.039527 0.042131
0 0.548527 0.599097 0.035207 0.041697
0 0.752506 0.435250 0.058574 0.052158
0 0.303689 0.500163 0.051359 0.060203
0 0.110008 0.590736 0.050324 0.053403
0 0.170031 0.411015 0.065936 0.065728
0 0.192367 0.327541 0.057791 0.071534
0 0.110602 0.296582 0.083977 0.076315
0 0.007688 0.306844 0.015375 0.036867
0 0.356325 0.313439 0.063859 0.052004
0 0.282485 0.419265 0.048629 0.043530
0 0.421682 0.199138 0.069382 0.077123
0 0.388408 0.134494 0.055535 0.055329
0 0.560314 0.028766 0.070676 0.057533
