0 0.151386 0.513700 0.175389 0.164087
0 0.141455 0.870695 0.096985 0.091043
0 0.275613 0.981122 0.051061 0.037755
0 0.566139 0.933901 0.077560 0.076522
0 0.526146 0.720149 0.079936 0.079816
0 0.645007 0.737118 0.057766 0.051171
0 0.855447 0.852163 0.056860 0.053183
0 0.487158 0.981944 0.066936 0.036112
0 0.044224 0.416235 0.067990 0.074475
0 0.120209 0.241359 0.169697 0.161943
0 0.179962 0.172225 0.058189 0.052518
0 0.391747 0.445267 0.062760 0.065313
0 0.474650 0.506148 0.064935 0.067254
0 0.323596 0.308102 0.074950 0.075464
0 0.245465 0.061711 0.076996 0.061708
0 0.392440 0.044568 0.101979 0.069341
0 0.609534 0.091738 0.081440 0.080495
0 0.438138 0.288589 0.074787 0.072916
0 0.734960 0.115608 0.069349 0.072480
0 0.781095 0.272503 0.074662 0.065809
0 0.771314 0.448664 0.066719 0.068578
0 0.699414 0.528195 0.106012 0.096609
0 0.640687 0.509648 0.053238 0.050755
0 0.568244 0.432238 0.083393 0.088063
0 0.556072 0.358877 0.050535 0.044544
0 0.651524 0.033504 0.071682 0.067009
0 0.618432 0.011588 0.056335 0.023175
0 0.954377 0.756242 0.051783 0.050444
0 0.276441 0.456815 0.051474 0.052013
0 0.358241 0.362366 0.094225 0.079712
0 0.279668 0.123451 0.050783 0.047992
