0 0.444425 0.804537 0.149625 0.077705
0 0.453777 0.778733 0.148734 0.079484
0 0.466393 0.754412 0.150814 0.077113
0 0.473222 0.728017 0.144281 0.075334
0 0.482426 0.703993 0.154377 0.078298
0 0.495932 0.682638 0.154673 0.079486
0 0.504839 0.657726 0.143984 0.079486
0 0.517457 0.635184 0.141314 0.077112
0 0.524285 0.614423 0.145470 0.073553
0 0.765200 0.900927 0.084016 0.143548
0 0.898349 0.922875 0.067095 0.071181
0 0.516120 0.889953 0.091734 0.145328
0 0.198017 0.675563 0.105687 0.119905
0 0.140126 0.914867 0.058780 0.044487
0 0.051656 0.862843 0.045719 0.035833
