0 0.181829 0.785494 0.051598 0.118632
0 0.144800 0.639821 0.055211 0.081706
0 0.401744 0.500252 0.051594 0.061176
0 0.588096 0.800173 0.054126 0.077939
0 0.621033 0.987846 0.039526 0.024308
0 0.725945 0.782128 0.028850 0.058621
0 0.753895 0.780093 0.032331 0.057105
0 0.850976 0.785246 0.063388 0.094918
0 0.970877 0.306168 0.058246 0.047318
0 0.911899 0.049536 0.035820 0.038447
0 0.981167 0.083094 0.037666 0.039818
0 0.744106 0.320308 0.032134 0.067785
0 0.718178 0.343019 0.026735 0.038953
0 0.458397 0.217323 0.068738 0.039661
0 0.456139 0.192876 0.056268 0.031647
0 0.439687 0.164231 0.066311 0.042511
