0 0.331017 0.691678 0.076000 0.045034
0 0.322111 0.876065 0.055812 0.057555
0 0.294502 0.976148 0.055219 0.045209
0 0.887069 0.864159 0.056406 0.042169
0 0.872521 0.888385 0.055814 0.041230
0 0.967106 0.898012 0.063294 0.063550
0 0.980168 0.838348 0.037170 0.049937
0 0.884989 0.041432 0.090250 0.082864
0 0.649566 0.034303 0.064720 0.041294
0 0.813146 0.071877 0.042752 0.039794
0 0.825912 0.129784 0.040970 0.046327
0 0.198907 0.235759 0.033845 0.014922
0 0.210783 0.254505 0.067094 0.015441
0 0.214345 0.274401 0.086094 0.013661
0 0.214939 0.294298 0.080156 0.015442
0 0.214048 0.316866 0.073625 0.016630
0 0.050469 0.216010 0.056406 0.054858
