0 0.294971 0.868128 0.149286 0.088950
0 0.225233 0.819343 0.056280 0.044107
0 0.141525 0.114046 0.044443 0.067502
0 0.175154 0.059465 0.059417 0.036860
0 0.491437 0.288107 0.019887 0.039950
0 0.512626 0.287191 0.018917 0.039711
0 0.535199 0.287222 0.017228 0.041076
0 0.558242 0.688725 0.016638 0.038439
0 0.585453 0.674773 0.016495 0.033984
0 0.613619 0.664375 0.016939 0.035607
0 0.643705 0.652161 0.017229 0.040064
0 0.696110 0.488058 0.075006 0.082744
0 0.496355 0.908587 0.030099 0.120762
0 0.424003 0.828539 0.017685 0.037462
0 0.448849 0.837258 0.019062 0.026654
0 0.524816 0.913498 0.023607 0.085298
0 0.631975 0.858043 0.017968 0.103092
0 0.575424 0.809843 0.017199 0.023854
0 0.671764 0.852791 0.018487 0.071787
0 0.662504 0.775883 0.017795 0.050537
0 0.706475 0.847162 0.015606 0.037700
0 0.502164 0.780949 0.020112 0.034011
0 0.493806 0.711726 0.056487 0.049555
0 0.567777 0.774904 0.054520 0.032612
0 0.380030 0.912779 0.052380 0.054185
0 0.282480 0.935919 0.037249 0.060286
0 0.296365 0.094039 0.036478 0.046992
0 0.295234 0.045062 0.039022 0.047715
