0 0.523743 0.875691 0.063911 0.052909
0 0.916816 0.939599 0.058386 0.054695
0 0.930759 0.857559 0.132527 0.127223
0 0.121475 0.125438 0.043934 0.041020
0 0.229418 0.034778 0.042777 0.047559
0 0.215777 0.097795 0.036844 0.033292
0 0.879746 0.457761 0.037617 0.037453
0 0.903025 0.441709 0.036141 0.035075
0 0.948085 0.559122 0.045673 0.058259
0 0.837161 0.066881 0.040928 0.039237
0 0.982506 0.315973 0.034987 0.049937
0 0.145198 0.253849 0.023777 0.057667
0 0.014509 0.341984 0.026528 0.075798
0 0.319319 0.975418 0.016016 0.046667
