0 0.149432 0.875384 0.058922 0.061586
0 0.174709 0.797401 0.063405 0.046760
0 0.237288 0.683022 0.037081 0.032888
0 0.343433 0.524666 0.056310 0.042776
0 0.815416 0.952764 0.077989 0.067092
0 0.721601 0.764324 0.062249 0.045946
0 0.787908 0.480664 0.084652 0.082552
0 0.625295 0.526949 0.073324 0.032674
0 0.822681 0.311451 0.049167 0.046938
0 0.725568 0.381777 0.040197 0.028619
0 0.669212 0.447588 0.036503 0.024503
0 0.539292 0.932018 0.123011 0.114831
0 0.286614 0.286478 0.057310 0.036019
0 0.318866 0.327192 0.063767 0.034471
0 0.135365 0.260278 0.059006 0.039083
0 0.317208 0.138593 0.059813 0.031704
0 0.119157 0.041083 0.067166 0.019531
0 0.100578 0.091473 0.052481 0.024485
0 0.013002 0.445887 0.026004 0.064279
0 0.301322 0.858881 0.035473 0.017366
0 0.300077 0.830899 0.040702 0.014894
