0 0.132824 0.336769 0.032397 0.078189
0 0.073433 0.341388 0.051372 0.057160
0 0.128269 0.589364 0.078735 0.055460
0 0.033196 0.624645 0.047025 0.062600
0 0.310102 0.464599 0.038047 0.064744
0 0.343703 0.255739 0.037080 0.060499
0 0.351030 0.319884 0.038836 0.047142
0 0.341762 0.165262 0.015913 0.055293
0 0.948736 0.630090 0.102528 0.080716
0 0.398581 0.924759 0.038098 0.070134
0 0.217131 0.993993 0.044383 0.012013
0 0.243313 0.768208 0.057736 0.084701
0 0.071824 0.899720 0.043704 0.033704
0 0.045542 0.975532 0.029515 0.044538
0 0.136769 0.907576 0.038121 0.034421
0 0.173383 0.916163 0.022241 0.040620
0 0.221161 0.836557 0.056354 0.036410
0 0.459891 0.492407 0.062605 0.033906
0 0.458778 0.461319 0.034044 0.028732
0 0.823166 0.526849 0.034543 0.096671
0 0.845425 0.478582 0.029280 0.117150
0 0.802806 0.414272 0.025431 0.062761
0 0.833219 0.393123 0.021143 0.043974
0 0.866251 0.415403 0.025602 0.038102
0 0.710231 0.100516 0.034949 0.032055
0 0.425170 0.638922 0.045206 0.038814
0 0.115865 0.476180 0.038842 0.025297
0 0.463045 0.438145 0.037434 0.025613
0 0.514015 0.356566 0.060474 0.034242
0 0.949669 0.439147 0.091050 0.096141
