0 0.541583 0.668472 0.060502 0.066220
0 0.271562 0.944357 0.079282 0.066472
0 0.142030 0.794101 0.073462 0.067725
0 0.152826 0.966708 0.051313 0.039690
0 0.933889 0.375511 0.048004 0.060612
0 0.874114 0.504567 0.058430 0.063901
0 0.778969 0.494094 0.054521 0.048485
0 0.608734 0.373008 0.065634 0.062897
0 0.763135 0.397843 0.066435 0.073665
0 0.832680 0.075571 0.076870 0.058926
0 0.388837 0.312295 0.031561 0.024433
0 0.488848 0.254648 0.043356 0.049520
0 0.441653 0.286666 0.079848 0.063329
0 0.196341 0.391035 0.081889 0.091173
0 0.032401 0.255771 0.064801 0.058346
0 0.412119 0.049588 0.041854 0.049327
0 0.212555 0.084659 0.052855 0.053501
0 0.560506 0.235830 0.043974 0.045878
0 0.502130 0.526029 0.054771 0.046863
