0 0.460361 0.132347 0.048608 0.054643
0 0.844156 0.259548 0.080941 0.101247
0 0.799804 0.063959 0.044925 0.052536
0 0.681842 0.074119 0.047416 0.043781
0 0.645244 0.694284 0.049401 0.078556
0 0.226960 0.920248 0.058560 0.107178
0 0.354158 0.600533 0.044307 0.053029
0 0.455916 0.632369 0.039398 0.042191
0 0.014007 0.553421 0.028015 0.039186
0 0.689437 0.275148 0.057430 0.017900
0 0.688375 0.300527 0.061184 0.020049
0 0.866569 0.157927 0.045960 0.045042
0 0.947443 0.834177 0.043573 0.054273
0 0.917224 0.632905 0.063858 0.057647
0 0.698153 0.624965 0.042909 0.039030
0 0.482971 0.517457 0.044715 0.041821
