0 0.225176 0.416021 0.057929 0.069919
0 0.279583 0.266951 0.052579 0.074995
0 0.721220 0.334478 0.049202 0.059283
0 0.460390 0.796510 0.138466 0.151680
0 0.219938 0.014866 0.037253 0.029731
0 0.053056 0.191008 0.038934 0.054721
0 0.480582 0.321797 0.051172 0.063653
0 0.670711 0.129321 0.021675 0.036216
0 0.645052 0.134303 0.019938 0.042433
0 0.906052 0.246455 0.074646 0.045853
0 0.887504 0.167284 0.027828 0.022762
0 0.847951 0.179891 0.031525 0.025143
0 0.932035 0.158182 0.020829 0.022940
0 0.955998 0.124950 0.023258 0.041738
