0 0.544359 0.090733 0.082796 0.013328
0 0.549042 0.122800 0.080511 0.015066
0 0.973984 0.067411 0.052032 0.020971
0 0.978472 0.100015 0.043055 0.018924
0 0.679888 0.358880 0.144029 0.099281
0 0.445540 0.396202 0.083506 0.044243
0 0.265981 0.258588 0.065693 0.051056
0 0.352576 0.261121 0.078798 0.037085
0 0.797733 0.828651 0.034501 0.058307
0 0.928538 0.756947 0.080063 0.101355
0 0.700015 0.958172 0.053011 0.042387
0 0.369489 0.950103 0.039736 0.035139
0 0.017052 0.859310 0.034105 0.041319
0 0.039780 0.928443 0.065044 0.043085
0 0.200619 0.962771 0.094931 0.017338
0 0.855028 0.392420 0.047972 0.059884
0 0.930823 0.358997 0.040860 0.019425
0 0.410464 0.332273 0.028913 0.042224
