0 0.494152 0.088395 0.083422 0.022541
0 0.503205 0.117462 0.080752 0.015423
0 0.923139 0.012470 0.065016 0.015423
0 0.926849 0.044501 0.043345 0.014236
0 0.661145 0.337232 0.149627 0.113295
0 0.434034 0.403668 0.086095 0.053980
0 0.241361 0.288592 0.065312 0.057537
0 0.323595 0.282661 0.078969 0.042116
0 0.835559 0.789826 0.039484 0.059911
0 0.956418 0.703222 0.084670 0.107366
0 0.754364 0.931001 0.055812 0.046861
0 0.425127 0.963032 0.043345 0.038555
0 0.043641 0.915282 0.074812 0.037964
0 0.096337 0.977780 0.067986 0.041950
0 0.258728 0.990830 0.095297 0.015850
0 0.839123 0.350283 0.053734 0.063469
0 0.910224 0.307277 0.040970 0.023727
0 0.390838 0.344352 0.033548 0.044487
