0 0.012320 0.408923 0.024641 0.048702
0 0.213603 0.042478 0.043047 0.033259
0 0.903099 0.125923 0.071845 0.065927
0 0.980762 0.131096 0.035981 0.024692
0 0.973341 0.172248 0.050825 0.020787
0 0.638284 0.157073 0.073031 0.042702
0 0.629380 0.192709 0.113406 0.039258
0 0.613645 0.225997 0.105689 0.043950
0 0.672427 0.881709 0.074813 0.108031
0 0.508995 0.907980 0.048984 0.019855
0 0.509144 0.947321 0.047500 0.021945
0 0.570598 0.962465 0.035033 0.020167
0 0.618394 0.966027 0.049875 0.016605
0 0.729427 0.973897 0.065313 0.027000
0 0.896568 0.990708 0.046908 0.016091
0 0.498456 0.988927 0.051062 0.019653
0 0.151407 0.301230 0.055217 0.015831
