0 0.818622 0.049785 0.066369 0.060047
0 0.721019 0.787259 0.046100 0.037778
0 0.769762 0.804296 0.022165 0.056640
0 0.128176 0.708509 0.091412 0.078418
0 0.042830 0.235509 0.037659 0.055075
0 0.069209 0.296281 0.018905 0.057455
0 0.259968 0.130271 0.065309 0.067823
0 0.597518 0.296506 0.046584 0.049369
0 0.691497 0.450761 0.048451 0.050557
0 0.821969 0.613032 0.040555 0.047169
0 0.738408 0.375316 0.038833 0.042636
0 0.662324 0.084401 0.050335 0.052394
0 0.136801 0.203501 0.051104 0.050584
0 0.816351 0.165131 0.031231 0.036309
0 0.800529 0.149195 0.037942 0.039670
0 0.710712 0.183757 0.032468 0.034663
0 0.724028 0.077959 0.032260 0.041211
0 0.085390 0.493783 0.038537 0.043277
