0 0.494733 0.892418 0.079710 0.029077
0 0.471797 0.638341 0.051720 0.063475
0 0.555620 0.645923 0.081148 0.019412
0 0.554178 0.623328 0.075177 0.020981
0 0.633199 0.567372 0.043370 0.034823
0 0.640041 0.424542 0.088715 0.041703
0 0.720915 0.389446 0.088402 0.066203
0 0.851220 0.297211 0.083809 0.053431
0 0.945986 0.373644 0.062997 0.045916
0 0.830902 0.568436 0.060539 0.040246
0 0.722672 0.192461 0.069855 0.072434
0 0.786920 0.144412 0.077698 0.024212
0 0.782563 0.119419 0.075281 0.017643
0 0.776378 0.096930 0.065967 0.016230
0 0.571860 0.130492 0.047315 0.050308
0 0.133700 0.142569 0.044236 0.035430
0 0.687554 0.026762 0.043135 0.053523
0 0.688624 0.575193 0.038575 0.032596
