0 0.097783 0.505747 0.046600 0.043148
0 0.050706 0.352879 0.076389 0.075595
0 0.403458 0.362582 0.060279 0.061561
0 0.448697 0.092284 0.053518 0.047121
0 0.728468 0.301591 0.070829 0.065334
0 0.612721 0.407018 0.081578 0.078259
0 0.227186 0.624385 0.074021 0.026684
0 0.389652 0.898063 0.057948 0.058112
0 0.325824 0.920032 0.049049 0.038367
0 0.358475 0.710885 0.040966 0.046479
0 0.309051 0.690931 0.044359 0.033716
0 0.339141 0.797381 0.041048 0.040904
0 0.537620 0.919299 0.052969 0.049193
0 0.285467 0.969233 0.048806 0.046050
