0 0.979205 0.108715 0.041589 0.071196
0 0.763257 0.599941 0.078093 0.043976
0 0.729509 0.470999 0.044085 0.102003
0 0.595296 0.575967 0.034652 0.046130
0 0.460966 0.337394 0.041754 0.035222
0 0.343144 0.758392 0.074155 0.084162
0 0.299550 0.934618 0.061888 0.045864
0 0.186083 0.720080 0.081391 0.057473
0 0.028061 0.554113 0.043401 0.055640
0 0.232921 0.233977 0.047561 0.071686
0 0.359133 0.193512 0.023423 0.035117
0 0.395015 0.187014 0.038137 0.022917
0 0.583105 0.982232 0.038738 0.035535
0 0.683399 0.774757 0.054902 0.038399
0 0.729124 0.243358 0.038560 0.048908
0 0.732461 0.284951 0.038608 0.029073
0 0.824924 0.478941 0.019296 0.055549
0 0.444034 0.096698 0.079687 0.063064
