0 0.365753 0.599713 0.059969 0.048641
0 0.676880 0.475442 0.065906 0.068216
0 0.914233 0.376382 0.065016 0.052792
0 0.757481 0.070147 0.057891 0.093444
0 0.111033 0.764803 0.074219 0.018606
0 0.034289 0.858040 0.057891 0.062283
0 0.045125 0.806730 0.023156 0.017795
0 0.035626 0.783301 0.019595 0.016017
0 0.191189 0.684537 0.071844 0.032033
0 0.212415 0.719237 0.061455 0.025506
0 0.379260 0.954727 0.042452 0.058723
0 0.328197 0.966591 0.043641 0.057539
0 0.432253 0.704705 0.056406 0.052200
0 0.526066 0.535650 0.049281 0.062878
0 0.558426 0.296409 0.027314 0.040720
0 0.559909 0.177372 0.038594 0.016609
0 0.546253 0.203587 0.025531 0.015192
0 0.508253 0.859820 0.049281 0.064656
