0 0.024805 0.464642 0.049579 0.044975
0 0.035643 0.947681 0.071286 0.028066
0 0.332243 0.861519 0.075627 0.064949
0 0.295870 0.949124 0.085047 0.065551
0 0.542978 0.899533 0.109956 0.082696
0 0.421833 0.946413 0.108321 0.064073
0 0.899098 0.620432 0.064291 0.073149
0 0.940381 0.556651 0.112310 0.055376
0 0.940242 0.392226 0.062135 0.088361
0 0.901363 0.153715 0.114513 0.094498
0 0.584605 0.161371 0.070040 0.048215
0 0.506103 0.184184 0.073993 0.046134
0 0.381622 0.101483 0.097523 0.081560
0 0.381755 0.289081 0.070564 0.039360
0 0.578521 0.498771 0.083600 0.041102
0 0.569529 0.539701 0.074166 0.029954
0 0.648734 0.494409 0.042196 0.036462
0 0.644935 0.537890 0.035696 0.021179
0 0.775361 0.157934 0.080973 0.062378
0 0.157922 0.822798 0.083472 0.059417
