0 0.211775 0.819977 0.042865 0.059456
0 0.051798 0.602705 0.060562 0.057500
0 0.301156 0.651709 0.071317 0.039001
0 0.973313 0.934616 0.053375 0.038305
0 0.542735 0.558668 0.080672 0.039711
0 0.456603 0.129564 0.056679 0.060864
0 0.047829 0.249711 0.095659 0.068825
0 0.274623 0.436872 0.061893 0.065767
0 0.549634 0.384037 0.060894 0.078555
0 0.712895 0.459356 0.060241 0.086345
0 0.739894 0.047824 0.051283 0.057066
0 0.774231 0.873761 0.049992 0.070243
0 0.898606 0.692793 0.055805 0.056416
0 0.041234 0.671030 0.049974 0.037231
