0 0.835778 0.305649 0.055770 0.074547
0 0.960805 0.681277 0.039995 0.053012
0 0.774402 0.508057 0.063085 0.057442
0 0.894676 0.813567 0.065764 0.059247
0 0.927964 0.879761 0.066575 0.086521
0 0.809106 0.932697 0.055408 0.059024
0 0.565099 0.963911 0.070472 0.062140
0 0.478366 0.913975 0.050988 0.043870
0 0.311422 0.903762 0.047367 0.059026
0 0.274586 0.696812 0.067864 0.080204
0 0.344010 0.763870 0.064170 0.069180
0 0.352760 0.283272 0.067502 0.068680
0 0.419158 0.923129 0.046716 0.051126
0 0.492854 0.832748 0.056702 0.066952
0 0.495129 0.792875 0.039404 0.047857
