0 0.298084 0.562241 0.055249 0.065479
0 0.131248 0.624254 0.080552 0.052389
0 0.342220 0.752193 0.052444 0.061704
0 0.293158 0.941536 0.080425 0.039669
0 0.792706 0.617726 0.099383 0.020405
0 0.716497 0.654253 0.042362 0.060362
0 0.681160 0.575124 0.054722 0.056991
0 0.669873 0.028320 0.046569 0.036066
0 0.604240 0.098399 0.059269 0.035891
0 0.376701 0.479663 0.045544 0.058981
0 0.751838 0.142392 0.046724 0.045820
0 0.886889 0.187910 0.054845 0.061236
0 0.901977 0.077174 0.065419 0.045213
0 0.108006 0.039806 0.075483 0.018333
0 0.191553 0.750545 0.024598 0.025223
0 0.164888 0.746706 0.022570 0.027967
