0 0.424830 0.137333 0.048689 0.055166
0 0.817005 0.224796 0.073033 0.102086
0 0.754958 0.035009 0.043937 0.056944
0 0.636355 0.057551 0.050766 0.047455
0 0.665003 0.678012 0.056406 0.083045
0 0.272533 0.946720 0.049281 0.103212
0 0.364565 0.615134 0.040970 0.051012
0 0.470550 0.636193 0.036812 0.038555
0 0.018852 0.603865 0.037703 0.041523
0 0.664707 0.254780 0.055814 0.018389
0 0.665598 0.281473 0.061156 0.019575
0 0.828880 0.121445 0.043345 0.043044
0 0.979278 0.783597 0.038950 0.054572
0 0.928630 0.588509 0.059970 0.052067
0 0.710427 0.603568 0.039187 0.043302
0 0.485097 0.519338 0.042156 0.040928
