0 0.764185 0.296855 0.113383 0.050581
0 0.873553 0.244714 0.050975 0.051156
0 0.733981 0.335393 0.108744 0.118672
0 0.710960 0.360358 0.072517 0.060554
0 0.079145 0.263263 0.081118 0.039328
0 0.063558 0.308564 0.077535 0.038285
0 0.056928 0.353463 0.062604 0.038418
0 0.064709 0.579526 0.043532 0.040617
0 0.015732 0.484619 0.031465 0.029036
0 0.013616 0.515125 0.027232 0.019302
0 0.005005 0.536557 0.010010 0.018979
0 0.021584 0.537947 0.023448 0.023705
0 0.145196 0.544370 0.051419 0.083053
0 0.302586 0.519936 0.102879 0.081043
0 0.511900 0.852568 0.084279 0.031034
