0 0.549547 0.247972 0.052490 0.120729
0 0.551119 0.583412 0.080584 0.061250
0 0.632074 0.654991 0.075850 0.063440
0 0.152521 0.506754 0.056847 0.048384
0 0.845764 0.332373 0.049969 0.086603
0 0.774294 0.159842 0.066806 0.083910
0 0.576786 0.247029 0.022423 0.055957
0 0.487518 0.099345 0.037538 0.036486
0 0.096730 0.152393 0.020480 0.040991
0 0.075095 0.165291 0.022045 0.039679
0 0.197815 0.201117 0.044207 0.040691
0 0.243774 0.163235 0.031980 0.083210
0 0.224505 0.182122 0.026932 0.063804
0 0.704650 0.206154 0.044496 0.148164
0 0.803440 0.491587 0.019233 0.048115
0 0.758108 0.500337 0.027711 0.045709
