0 0.119098 0.282735 0.073505 0.077525
0 0.191362 0.258372 0.054192 0.055789
0 0.313791 0.119835 0.048004 0.037088
0 0.423376 0.317068 0.088269 0.080105
0 0.231967 0.474775 0.061991 0.053965
0 0.100777 0.571796 0.042689 0.039313
0 0.071582 0.597015 0.038108 0.044439
0 0.280683 0.720813 0.059896 0.058785
0 0.141090 0.625790 0.040496 0.050629
0 0.553141 0.887879 0.051939 0.057750
0 0.947011 0.758226 0.055221 0.055331
0 0.879928 0.482391 0.046219 0.050292
0 0.804205 0.538615 0.041387 0.047010
0 0.567957 0.134686 0.052096 0.043722
0 0.983091 0.491946 0.033818 0.037903
0 0.556578 0.182008 0.035589 0.040692
0 0.509967 0.103369 0.036665 0.025080
0 0.762549 0.649833 0.026150 0.040137
0 0.730919 0.660753 0.026804 0.035476
0 0.444825 0.802257 0.045441 0.043682
0 0.485035 0.658260 0.038383 0.035640
0 0.458357 0.672303 0.035882 0.035396
0 0.237886 0.683225 0.042604 0.041071
