0 0.965346 0.402845 0.069309 0.073379
0 0.918906 0.635998 0.085656 0.080606
0 0.860271 0.751378 0.079797 0.082348
0 0.878960 0.132294 0.091357 0.061507
0 0.644023 0.267432 0.052972 0.058217
0 0.629643 0.395396 0.099280 0.076592
0 0.618032 0.515067 0.067384 0.068071
0 0.494590 0.497130 0.056459 0.071953
0 0.524037 0.189026 0.057680 0.069110
0 0.369886 0.168404 0.076768 0.056530
0 0.398431 0.050035 0.044673 0.051984
0 0.220813 0.117528 0.046746 0.055810
0 0.309124 0.430378 0.061603 0.050215
0 0.152811 0.310223 0.026926 0.029531
0 0.179813 0.318862 0.041537 0.053831
