0 0.566805 0.320964 0.067754 0.063826
0 0.456190 0.275567 0.059438 0.061870
0 0.388183 0.290117 0.071942 0.066036
0 0.558849 0.128206 0.070823 0.045217
0 0.425838 0.633038 0.076414 0.061217
0 0.532057 0.859434 0.098704 0.090323
0 0.457857 0.885133 0.074902 0.067487
0 0.380573 0.937663 0.114916 0.124674
0 0.256812 0.915957 0.053192 0.042405
0 0.111231 0.844256 0.043867 0.037821
0 0.891767 0.870006 0.039007 0.037327
0 0.054576 0.306614 0.032594 0.036605
0 0.903147 0.007904 0.060445 0.015809
0 0.945006 0.163740 0.024649 0.025380
0 0.945249 0.195372 0.030813 0.017432
0 0.950585 0.221951 0.030023 0.020923
0 0.315375 0.688120 0.048000 0.064443
0 0.099572 0.669077 0.065935 0.050444
