0 0.234322 0.416762 0.391106 0.705815
0 0.621329 0.057473 0.137137 0.059040
0 0.346128 0.047743 0.069518 0.065001
0 0.167520 0.177362 0.129142 0.090286
0 0.509005 0.474209 0.038390 0.086658
0 0.719119 0.397948 0.027375 0.106840
0 0.694410 0.400553 0.022773 0.103628
0 0.984140 0.517223 0.030576 0.039817
0 0.974343 0.898957 0.038271 0.051799
0 0.273026 0.808536 0.064959 0.059055
0 0.237051 0.714155 0.040915 0.033540
0 0.666048 0.206290 0.071037 0.084568
0 0.614040 0.187906 0.020016 0.040177
0 0.659370 0.848996 0.097556 0.063337
0 0.256156 0.313729 0.127986 0.124616
0 0.195480 0.659207 0.024580 0.038422
