0 0.127933 0.717019 0.126453 0.195471
0 0.070082 0.751028 0.105991 0.187049
0 0.045729 0.823484 0.035378 0.082795
0 0.321517 0.788915 0.057350 0.084963
0 0.370388 0.773984 0.041273 0.084810
0 0.593235 0.486488 0.303272 0.228078
0 0.491401 0.717021 0.185328 0.148855
0 0.396500 0.854708 0.056238 0.074556
0 0.448487 0.833297 0.067136 0.070660
0 0.496167 0.813556 0.067900 0.076942
0 0.546867 0.792780 0.065960 0.076066
0 0.618598 0.701621 0.114428 0.205628
0 0.720467 0.655312 0.227183 0.229629
0 0.940935 0.873747 0.043747 0.052144
