0 0.757492 0.788877 0.083500 0.060604
0 0.524657 0.602232 0.061080 0.064905
0 0.375079 0.657441 0.074647 0.041657
0 0.395635 0.692788 0.056017 0.034005
0 0.413304 0.716226 0.023439 0.016580
0 0.331771 0.168239 0.067252 0.054255
0 0.382484 0.108318 0.056738 0.044155
0 0.169508 0.083459 0.046155 0.044908
0 0.137329 0.143691 0.049929 0.055440
0 0.028420 0.196168 0.028220 0.035358
0 0.165101 0.283299 0.063031 0.039660
0 0.632059 0.882585 0.055977 0.039498
0 0.501695 0.967850 0.051352 0.028727
0 0.322667 0.968606 0.067060 0.046335
0 0.202944 0.684624 0.063734 0.054543
0 0.230871 0.456869 0.081119 0.034823
0 0.555079 0.735826 0.062634 0.063530
0 0.018712 0.683514 0.037424 0.033162
