0 0.925811 0.732086 0.077007 0.069697
0 0.940206 0.496437 0.075826 0.070791
0 0.918083 0.367516 0.067297 0.081610
0 0.754160 0.964351 0.089145 0.058478
0 0.568630 0.765554 0.038358 0.060855
0 0.590770 0.635733 0.089131 0.072943
0 0.617378 0.520389 0.054770 0.062582
0 0.492689 0.501072 0.050982 0.074805
0 0.432039 0.805510 0.041250 0.070043
0 0.280336 0.777122 0.067137 0.050301
0 0.270932 0.900187 0.034623 0.051836
0 0.117621 0.781835 0.040350 0.062442
0 0.295426 0.512495 0.054372 0.040422
0 0.112195 0.578563 0.022593 0.026617
0 0.141343 0.579157 0.029028 0.049478
