0 0.362287 0.076451 0.087627 0.052956
0 0.280167 0.112242 0.065142 0.040613
0 0.435254 0.031487 0.068240 0.062974
0 0.518494 0.028303 0.051004 0.046066
0 0.562460 0.044937 0.047402 0.042321
0 0.482631 0.284731 0.087608 0.049855
0 0.720978 0.303160 0.056662 0.075671
0 0.921855 0.430602 0.078162 0.058043
0 0.222321 0.342159 0.066432 0.048766
0 0.174723 0.174769 0.053400 0.047675
0 0.259702 0.253115 0.049893 0.025935
0 0.377317 0.251705 0.071931 0.086027
0 0.140043 0.573632 0.100579 0.046773
0 0.303266 0.604311 0.070620 0.080852
0 0.449720 0.915247 0.038336 0.042081
0 0.876286 0.979563 0.056746 0.040874
0 0.942173 0.982873 0.050976 0.034254
0 0.802384 0.865921 0.044387 0.038280
0 0.791304 0.698797 0.073904 0.040927
0 0.963909 0.671795 0.058511 0.041931
0 0.395324 0.962340 0.159657 0.071079
0 0.032100 0.686743 0.062727 0.047828
0 0.766345 0.067577 0.080521 0.023046
