0 0.572144 0.108389 0.038094 0.038776
0 0.766021 0.220222 0.042229 0.043125
0 0.648781 0.387112 0.046962 0.059945
0 0.200783 0.536862 0.049464 0.043094
0 0.100055 0.850248 0.042360 0.038282
0 0.355524 0.912769 0.047624 0.042528
0 0.374302 0.721396 0.051801 0.045780
0 0.958181 0.709541 0.045605 0.042104
0 0.943238 0.797534 0.048219 0.048023
0 0.704072 0.807276 0.051390 0.029799
0 0.710964 0.826749 0.050033 0.025626
0 0.717766 0.847655 0.044318 0.023440
0 0.747363 0.880914 0.044134 0.026368
0 0.753720 0.898455 0.034484 0.026740
0 0.398940 0.467433 0.043543 0.045132
0 0.893762 0.325360 0.055247 0.047235
0 0.367951 0.352742 0.043860 0.054027
