0 0.778769 0.230024 0.060250 0.073892
0 0.985991 0.561900 0.028017 0.053224
0 0.769218 0.441496 0.060119 0.064601
0 0.959750 0.709683 0.066156 0.058994
0 0.905551 0.844460 0.051127 0.056079
0 0.676405 0.932761 0.069496 0.055142
0 0.578922 0.906263 0.047400 0.040990
0 0.413702 0.937495 0.045816 0.056081
0 0.329843 0.744894 0.060160 0.079188
0 0.411944 0.793489 0.055470 0.068211
0 0.304220 0.325549 0.063843 0.072089
0 0.524853 0.929347 0.043483 0.050571
0 0.573645 0.822941 0.044255 0.073014
0 0.566341 0.785332 0.042268 0.043468
