0 0.976618 0.847833 0.034812 0.025067
0 0.976121 0.875649 0.034812 0.020408
0 0.864656 0.776537 0.097853 0.083651
0 0.981724 0.778060 0.027270 0.022271
0 0.839781 0.988860 0.057144 0.022279
0 0.755178 0.979884 0.047688 0.040232
0 0.742898 0.877896 0.045332 0.063416
0 0.529325 0.727585 0.052908 0.023159
0 0.536046 0.694304 0.071065 0.024312
0 0.249192 0.649083 0.065527 0.063332
0 0.513287 0.155444 0.072775 0.081024
0 0.081789 0.255575 0.077445 0.058411
0 0.341286 0.140308 0.044711 0.034330
0 0.116583 0.072045 0.037318 0.027833
0 0.086487 0.811442 0.049270 0.049612
0 0.593985 0.015176 0.045650 0.025232
