0 0.989973 0.485392 0.020055 0.049331
0 0.853929 0.091856 0.046403 0.031140
0 0.159502 0.068350 0.064266 0.062861
0 0.082049 0.059545 0.037768 0.020530
0 0.083688 0.103116 0.050074 0.026723
0 0.418406 0.139987 0.076127 0.031401
0 0.420280 0.176578 0.114240 0.023913
0 0.430711 0.211592 0.107175 0.027804
0 0.269710 0.851767 0.058840 0.106733
0 0.427525 0.901900 0.051023 0.026108
0 0.421958 0.941542 0.046658 0.026788
0 0.358555 0.947518 0.034740 0.018299
0 0.309680 0.942051 0.048554 0.017775
0 0.199185 0.932894 0.062441 0.023710
0 0.030298 0.925729 0.046342 0.016890
0 0.424600 0.984097 0.052629 0.025502
0 0.874436 0.358820 0.055095 0.016015
