0 0.551318 0.977618 0.090970 0.044764
0 0.744126 0.821713 0.041066 0.043677
0 0.874692 0.716366 0.058630 0.069099
0 0.044655 0.094671 0.046469 0.037533
0 0.393646 0.276188 0.034750 0.041524
0 0.430235 0.271736 0.037535 0.042460
0 0.553236 0.162542 0.042855 0.028033
0 0.561235 0.191442 0.039374 0.030370
0 0.569904 0.052115 0.041687 0.032434
0 0.589841 0.075728 0.053062 0.034441
0 0.876340 0.175354 0.036407 0.022550
0 0.882050 0.194990 0.038026 0.023102
0 0.904646 0.506118 0.043679 0.040350
0 0.831696 0.612296 0.059466 0.040619
0 0.892708 0.569247 0.025335 0.015868
