0 0.040288 0.332203 0.078198 0.075468
0 0.746361 0.810721 0.039164 0.057356
0 0.698901 0.739993 0.075125 0.038407
0 0.869167 0.260902 0.072812 0.033368
0 0.898518 0.094623 0.117421 0.026972
0 0.309620 0.190006 0.038971 0.036914
0 0.167703 0.690392 0.066755 0.055240
0 0.787492 0.868309 0.045652 0.040775
0 0.556914 0.819236 0.075464 0.019205
0 0.603769 0.928923 0.047936 0.016785
0 0.892037 0.210941 0.059348 0.038987
0 0.365174 0.478862 0.049143 0.093930
0 0.367023 0.341196 0.081000 0.045981
0 0.166035 0.340154 0.048599 0.045710
0 0.022025 0.252735 0.044050 0.041218
0 0.021697 0.194677 0.043393 0.041525
