0 0.115345 0.710593 0.073563 0.077548
0 0.187165 0.736171 0.054101 0.055693
0 0.307134 0.876851 0.047991 0.036516
0 0.420053 0.681580 0.088452 0.080025
0 0.231674 0.520462 0.062096 0.053927
0 0.102113 0.421252 0.042887 0.039260
0 0.073341 0.395510 0.038390 0.044296
0 0.284612 0.275381 0.060160 0.058448
0 0.143340 0.367979 0.040539 0.050560
0 0.559795 0.113049 0.052587 0.057669
0 0.951417 0.249592 0.055432 0.055398
0 0.879553 0.524281 0.046375 0.050339
0 0.804763 0.466693 0.041758 0.047300
0 0.561575 0.866501 0.051928 0.043328
0 0.982872 0.516513 0.034256 0.037949
0 0.551010 0.818859 0.035280 0.040476
0 0.502981 0.896765 0.036520 0.024694
0 0.765119 0.354778 0.026708 0.040165
0 0.733702 0.343316 0.027307 0.035520
0 0.450119 0.196839 0.045562 0.043583
0 0.487805 0.341490 0.038643 0.035283
0 0.461382 0.327014 0.036192 0.035134
0 0.241117 0.312238 0.042546 0.040833
