0 0.782983 0.099923 0.053437 0.051408
0 0.616731 0.284605 0.070062 0.057395
0 0.505403 0.216908 0.044531 0.043125
0 0.414559 0.216910 0.078969 0.078755
0 0.382793 0.246897 0.071248 0.056791
0 0.315698 0.264602 0.072437 0.064144
0 0.101056 0.127111 0.054031 0.052859
0 0.113526 0.594280 0.082533 0.071383
0 0.165479 0.563700 0.048689 0.047044
0 0.305605 0.656643 0.073625 0.071155
0 0.269683 0.767351 0.048094 0.048108
0 0.624451 0.908125 0.065314 0.038638
0 0.933055 0.521173 0.105391 0.136600
0 0.525591 0.467720 0.051656 0.057016
0 0.580810 0.399208 0.057595 0.058966
0 0.395262 0.559184 0.049877 0.061767
