0 0.637880 0.543318 0.137110 0.135126
0 0.764769 0.962261 0.046970 0.049562
0 0.476132 0.482013 0.085188 0.084587
0 0.335713 0.629461 0.048513 0.051363
0 0.125955 0.355093 0.045287 0.069040
0 0.241860 0.536951 0.051517 0.057968
0 0.247446 0.066232 0.063519 0.052770
0 0.114199 0.258179 0.043762 0.065607
0 0.633023 0.461533 0.017079 0.018363
0 0.595934 0.428447 0.036167 0.040682
0 0.564743 0.445738 0.028328 0.036330
0 0.572983 0.400815 0.018859 0.021791
0 0.536199 0.470608 0.020256 0.020833
0 0.448790 0.317993 0.020741 0.038081
0 0.209410 0.776897 0.028901 0.064094
0 0.294376 0.417514 0.017827 0.018827
0 0.318439 0.413717 0.017200 0.016437
0 0.342580 0.414567 0.014245 0.015307
0 0.231861 0.772142 0.015163 0.033240
0 0.037166 0.376792 0.054664 0.043536
