0 0.271266 0.258077 0.113797 0.033730
0 0.171152 0.189249 0.045838 0.045582
0 0.294641 0.300924 0.121779 0.104837
0 0.313455 0.328729 0.075029 0.051051
0 0.951881 0.333125 0.077993 0.034319
0 0.959407 0.378482 0.076625 0.033590
0 0.961003 0.424534 0.058837 0.034472
0 0.915621 0.644151 0.045610 0.041935
0 0.982782 0.562561 0.032155 0.028260
0 0.981414 0.590822 0.034892 0.019144
0 0.988255 0.613612 0.021209 0.017322
0 0.967617 0.611592 0.021893 0.023184
0 0.844470 0.598929 0.047434 0.086798
0 0.690764 0.551763 0.093957 0.075949
0 0.432916 0.845883 0.081845 0.025200
