0 0.951607 0.268373 0.083931 0.082068
0 0.713195 0.407755 0.035097 0.058466
0 0.351060 0.301140 0.124251 0.078225
0 0.359730 0.364635 0.117525 0.065481
0 0.169321 0.498566 0.058230 0.082124
0 0.155802 0.352803 0.088061 0.074011
0 0.612418 0.293339 0.017993 0.039986
0 0.479711 0.563438 0.053887 0.038812
0 0.496798 0.776083 0.057998 0.048277
0 0.538939 0.597364 0.023180 0.078033
0 0.552915 0.746407 0.019199 0.077669
0 0.525974 0.729893 0.015162 0.037684
0 0.514932 0.612167 0.024232 0.040742
0 0.717437 0.926402 0.026838 0.061836
0 0.685220 0.918306 0.020894 0.038494
0 0.668268 0.934098 0.018309 0.019945
0 0.581039 0.955507 0.049198 0.051925
0 0.186868 0.105383 0.044293 0.054539
