0 0.193034 0.460402 0.070451 0.151636
0 0.219471 0.468523 0.072508 0.150451
0 0.244069 0.479692 0.069891 0.152780
0 0.270863 0.485332 0.068301 0.146070
0 0.295538 0.493229 0.071199 0.156193
0 0.317143 0.505499 0.072261 0.156567
0 0.342845 0.513152 0.072851 0.145644
0 0.365806 0.524524 0.070512 0.142952
0 0.387113 0.530313 0.066802 0.147360
0 0.113463 0.785781 0.141736 0.078327
0 0.098692 0.920114 0.068908 0.065279
0 0.111340 0.536562 0.145315 0.085817
0 0.309129 0.207540 0.116555 0.101414
0 0.066867 0.162347 0.041972 0.057706
0 0.114027 0.071288 0.033873 0.044621
