0 0.976156 0.489705 0.047687 0.042936
0 0.952263 0.969274 0.095474 0.028879
0 0.648621 0.870059 0.073544 0.061736
0 0.680240 0.959147 0.083139 0.061976
0 0.436119 0.896914 0.107256 0.078813
0 0.555709 0.950167 0.108995 0.058893
0 0.095104 0.599449 0.061517 0.070836
0 0.058232 0.533611 0.113107 0.049593
0 0.066149 0.369310 0.058990 0.086897
0 0.117075 0.133382 0.112409 0.091016
0 0.433177 0.157221 0.068810 0.045895
0 0.510368 0.184219 0.073721 0.042570
0 0.639247 0.108313 0.096455 0.077528
0 0.629627 0.295603 0.071517 0.035702
0 0.421470 0.494647 0.082560 0.037230
0 0.427983 0.535963 0.074622 0.026120
0 0.351759 0.486669 0.041023 0.034541
0 0.353280 0.530253 0.036756 0.019282
0 0.242700 0.143902 0.079488 0.058663
0 0.824910 0.840338 0.081558 0.056207
