0 0.325032 0.685457 0.075584 0.047245
0 0.308971 0.869550 0.057333 0.058960
0 0.277895 0.968676 0.056535 0.046550
0 0.874176 0.877436 0.055916 0.043428
0 0.858746 0.901196 0.055200 0.042520
0 0.953263 0.914486 0.063690 0.064891
0 0.968120 0.855159 0.037790 0.050686
0 0.900935 0.053863 0.087655 0.083394
0 0.665702 0.038828 0.066070 0.041136
0 0.827949 0.082993 0.041688 0.038713
0 0.839380 0.141445 0.041070 0.044993
0 0.208301 0.224848 0.034322 0.014861
0 0.219558 0.245700 0.067530 0.015369
0 0.222590 0.265705 0.086124 0.014179
0 0.222033 0.285212 0.080087 0.016754
0 0.220666 0.306031 0.073145 0.016068
0 0.060709 0.200407 0.056683 0.055456
