0 0.311404 0.672002 0.046147 0.075804
0 0.127136 0.684487 0.058266 0.056581
0 0.027516 0.713834 0.045886 0.055885
0 0.129146 0.119320 0.042805 0.056170
0 0.105149 0.134311 0.041881 0.055515
0 0.093689 0.039745 0.064230 0.063502
0 0.153193 0.025784 0.050320 0.037486
0 0.952422 0.106978 0.083142 0.088966
0 0.963526 0.342342 0.041179 0.065405
0 0.922629 0.179404 0.039259 0.042226
0 0.864441 0.167304 0.045667 0.041026
0 0.769738 0.796441 0.014894 0.034089
0 0.749936 0.784873 0.015407 0.067322
0 0.729825 0.781575 0.013607 0.086122
0 0.709962 0.781557 0.015471 0.080134
0 0.688432 0.782686 0.016054 0.073396
0 0.791836 0.944479 0.055166 0.056553
