0 0.806836 0.250071 0.049370 0.058042
0 0.750584 0.233908 0.063540 0.038262
0 0.843727 0.093274 0.068755 0.058965
0 0.895343 0.181204 0.061001 0.048277
0 0.842919 0.477159 0.093913 0.085347
0 0.476315 0.458163 0.081401 0.053105
0 0.810289 0.923598 0.119203 0.055233
0 0.564794 0.978439 0.114055 0.043121
0 0.347279 0.783150 0.065445 0.070177
0 0.251500 0.322053 0.060108 0.084556
0 0.347515 0.445688 0.041251 0.071505
0 0.400026 0.376577 0.052259 0.083922
0 0.528495 0.398218 0.054594 0.084504
0 0.632069 0.480500 0.074286 0.079841
0 0.927883 0.712242 0.060153 0.118037
0 0.254460 0.809859 0.045008 0.063584
0 0.331247 0.827549 0.078054 0.046894
0 0.231938 0.588972 0.044883 0.067315
0 0.853623 0.581818 0.062285 0.055175
