0 0.590321 0.282848 0.067065 0.090873
0 0.531733 0.299939 0.076428 0.112461
0 0.492548 0.322959 0.049256 0.091922
0 0.444639 0.213262 0.045021 0.046683
0 0.450336 0.347159 0.067186 0.090634
0 0.572518 0.844828 0.103034 0.135964
0 0.582406 0.934444 0.063890 0.059236
0 0.337566 0.978114 0.065191 0.035314
0 0.592438 0.700036 0.087830 0.096006
0 0.630512 0.664518 0.057056 0.048504
0 0.510160 0.495515 0.052010 0.055838
0 0.654547 0.451781 0.050506 0.077513
0 0.751208 0.537233 0.048873 0.055736
0 0.831171 0.669843 0.064448 0.059329
0 0.902567 0.617632 0.064568 0.062072
0 0.967559 0.560030 0.048343 0.052887
0 0.944500 0.384860 0.060722 0.050705
0 0.984070 0.371889 0.031860 0.057543
0 0.974620 0.210796 0.050760 0.065176
0 0.982845 0.117347 0.034310 0.045327
0 0.974450 0.841311 0.028080 0.077441
0 0.223732 0.261514 0.047312 0.038703
0 0.162246 0.194964 0.039513 0.043330
0 0.064644 0.463015 0.050396 0.056056
