0 0.360932 0.468746 0.037333 0.076977
0 0.317094 0.560945 0.079090 0.037502
0 0.185661 0.595901 0.075928 0.019492
0 0.156967 0.107816 0.063926 0.047803
0 0.722601 0.256934 0.086140 0.040589
0 0.795085 0.031153 0.042781 0.035751
0 0.726908 0.502500 0.038341 0.051702
0 0.793850 0.676527 0.039037 0.052035
0 0.971149 0.700785 0.057701 0.038628
0 0.980700 0.485897 0.036996 0.084250
0 0.787450 0.874383 0.048158 0.040723
0 0.689405 0.805098 0.041547 0.069474
0 0.981276 0.954873 0.037448 0.072278
0 0.562163 0.942067 0.042255 0.034940
0 0.324117 0.207569 0.067803 0.016607
