0 0.805427 0.945248 0.095002 0.099737
0 0.899241 0.747158 0.053438 0.065925
0 0.620770 0.507441 0.047500 0.045283
0 0.649567 0.589539 0.052844 0.058072
0 0.376144 0.665494 0.062938 0.059391
0 0.348534 0.748538 0.062345 0.064348
0 0.424089 0.256287 0.046609 0.045136
0 0.289009 0.093852 0.043641 0.048106
0 0.889147 0.070689 0.052250 0.052859
0 0.057298 0.344732 0.064127 0.061864
0 0.122611 0.350373 0.047500 0.048208
0 0.191041 0.269352 0.050766 0.052264
0 0.388018 0.859408 0.061748 0.063550
0 0.978684 0.818130 0.040138 0.093839
0 0.922100 0.459192 0.044531 0.046753
0 0.328048 0.555541 0.051063 0.048858
0 0.350315 0.498534 0.057595 0.045280
0 0.376291 0.220949 0.032955 0.030289
0 0.399597 0.220355 0.052844 0.049295
