0 0.925783 0.206077 0.040847 0.038847
0 0.746175 0.025191 0.083293 0.020666
0 0.908256 0.033944 0.046459 0.021511
0 0.560501 0.097875 0.066823 0.025861
0 0.301634 0.059991 0.095042 0.029124
0 0.280391 0.043355 0.052631 0.023727
0 0.572948 0.222862 0.067824 0.040272
0 0.355709 0.472585 0.049409 0.074956
0 0.102827 0.412551 0.058347 0.040727
0 0.047986 0.397426 0.052216 0.067646
0 0.623942 0.010215 0.042544 0.020429
0 0.278404 0.100618 0.033928 0.029093
0 0.151939 0.089639 0.041652 0.041776
0 0.169537 0.526041 0.060693 0.042862
0 0.375409 0.773057 0.054582 0.034947
0 0.366042 0.922572 0.062730 0.042158
0 0.489038 0.938671 0.063195 0.035466
0 0.549824 0.793278 0.061495 0.036918
0 0.789133 0.665063 0.078123 0.021989
0 0.680865 0.621192 0.046525 0.039152
0 0.808483 0.759511 0.125415 0.030031
0 0.761296 0.783043 0.032321 0.017933
0 0.101782 0.851609 0.039110 0.026570
0 0.109615 0.872283 0.041672 0.027836
0 0.118233 0.894689 0.036795 0.024149
0 0.376239 0.817512 0.062757 0.037564
0 0.174415 0.722408 0.096952 0.128596
0 0.104621 0.518595 0.035377 0.017976
0 0.115553 0.547903 0.040731 0.018135
0 0.214514 0.114015 0.039360 0.014657
0 0.215139 0.135862 0.017382 0.018749
0 0.215475 0.192974 0.018944 0.017084
0 0.157082 0.235907 0.016944 0.018627
0 0.174680 0.207731 0.014201 0.010747
