0 0.898176 0.436436 0.069030 0.073651
0 0.970781 0.465953 0.057559 0.066368
0 0.722617 0.787175 0.070485 0.063053
0 0.655073 0.628851 0.114916 0.106470
0 0.632265 0.685520 0.062832 0.054394
0 0.748196 0.728817 0.043351 0.054028
0 0.461864 0.492069 0.039294 0.058813
0 0.369026 0.471410 0.041829 0.065607
0 0.476143 0.146094 0.037331 0.034375
0 0.164559 0.244948 0.048647 0.046268
0 0.904221 0.604371 0.049146 0.062802
0 0.378030 0.271099 0.016332 0.027173
0 0.400832 0.271860 0.013668 0.024727
0 0.424191 0.275323 0.017895 0.029162
0 0.444386 0.276647 0.015273 0.026926
