0 0.298084 0.437759 0.055249 0.065479
0 0.131248 0.375746 0.080552 0.052389
0 0.342220 0.247807 0.052444 0.061704
0 0.293158 0.058464 0.080425 0.039669
0 0.792706 0.382274 0.099383 0.020405
0 0.716497 0.345747 0.042362 0.060362
0 0.681160 0.424876 0.054722 0.056991
0 0.669873 0.971680 0.046569 0.036066
0 0.604240 0.901601 0.059269 0.035891
0 0.376701 0.520337 0.045544 0.058981
0 0.751838 0.857608 0.046724 0.045820
0 0.886889 0.812090 0.054845 0.061236
0 0.901977 0.922826 0.065419 0.045213
0 0.108006 0.960194 0.075483 0.018333
0 0.191553 0.249455 0.024598 0.025223
0 0.164888 0.253294 0.022570 0.027967
