0 0.779759 0.767461 0.062587 0.083869
0 0.601280 0.528178 0.066001 0.062337
0 0.661671 0.380699 0.043991 0.074385
0 0.696231 0.402402 0.035499 0.055899
0 0.719096 0.420964 0.017015 0.023655
0 0.174258 0.320329 0.053574 0.067168
0 0.112698 0.368915 0.043068 0.057326
0 0.095201 0.155357 0.045098 0.045879
0 0.156668 0.125225 0.055352 0.049512
0 0.213271 0.018134 0.035401 0.027029
0 0.295191 0.157649 0.038038 0.062195
0 0.877741 0.645258 0.040895 0.056479
0 0.967562 0.518046 0.030173 0.051373
0 0.973382 0.339070 0.046391 0.065520
0 0.694895 0.209665 0.056207 0.064410
0 0.466270 0.229470 0.037355 0.081689
0 0.733553 0.563266 0.064355 0.063647
0 0.698880 0.022100 0.034940 0.044200
