0 0.103081 0.146619 0.094785 0.077271
0 0.097371 0.051752 0.047437 0.050792
0 0.625620 0.149988 0.068601 0.061599
0 0.165515 0.458802 0.063323 0.082160
0 0.318814 0.424019 0.067319 0.074395
0 0.342222 0.685858 0.050767 0.043869
0 0.765822 0.778716 0.081886 0.087290
0 0.971330 0.416159 0.053726 0.072536
0 0.848415 0.218606 0.047552 0.057757
0 0.774808 0.211814 0.062909 0.020494
0 0.888690 0.783348 0.074217 0.047682
0 0.920732 0.893548 0.067007 0.055046
0 0.972133 0.635709 0.055733 0.053607
0 0.185564 0.612231 0.042251 0.043022
0 0.111820 0.578157 0.057839 0.063810
0 0.024499 0.624330 0.037699 0.054524
0 0.126197 0.532368 0.031838 0.045014
0 0.017739 0.230886 0.035479 0.055518
0 0.630854 0.267453 0.031869 0.039245
