0 0.861681 0.734745 0.041070 0.062110
0 0.960863 0.483712 0.070461 0.051007
0 0.731988 0.595815 0.073606 0.042905
0 0.475002 0.565813 0.075159 0.048985
0 0.445933 0.130966 0.047490 0.056428
0 0.877742 0.140636 0.097447 0.050050
0 0.698482 0.380761 0.063401 0.069076
0 0.421604 0.400456 0.075730 0.088059
0 0.281125 0.519410 0.072569 0.091860
0 0.151722 0.125699 0.045884 0.064822
0 0.055696 0.078688 0.089336 0.042223
0 0.187490 0.054561 0.044084 0.029257
0 0.331089 0.932896 0.038441 0.063802
0 0.165228 0.790022 0.054432 0.055443
0 0.979223 0.546849 0.041554 0.043109
