0 0.124627 0.076808 0.066677 0.080384
0 0.188529 0.219899 0.058876 0.069608
0 0.123311 0.238355 0.047172 0.054615
0 0.540895 0.063993 0.062760 0.045577
0 0.900600 0.262907 0.054630 0.048303
0 0.931920 0.325878 0.039879 0.045205
0 0.761490 0.343715 0.068278 0.057178
0 0.693294 0.499679 0.054285 0.065584
0 0.073757 0.425046 0.068187 0.057594
0 0.218249 0.418083 0.067421 0.056321
0 0.114763 0.484428 0.067375 0.055698
0 0.122998 0.606357 0.047363 0.041913
0 0.213489 0.689339 0.049199 0.059332
0 0.063579 0.915446 0.046396 0.061858
0 0.848672 0.915268 0.060259 0.058059
0 0.741058 0.756264 0.044720 0.047073
0 0.910260 0.646940 0.051090 0.045870
0 0.874208 0.593016 0.043534 0.045888
0 0.152139 0.130787 0.038951 0.027260
0 0.535433 0.979812 0.051457 0.040072
0 0.141598 0.844094 0.053991 0.055013
0 0.118294 0.835890 0.051069 0.050282
