0 0.384518 0.116295 0.077986 0.036753
0 0.394556 0.057282 0.062995 0.044023
0 0.634072 0.142197 0.047971 0.076788
0 0.683121 0.051324 0.062833 0.041822
0 0.488412 0.306844 0.064581 0.031222
0 0.276841 0.315245 0.064100 0.042020
0 0.339366 0.330063 0.049073 0.042749
0 0.186909 0.303651 0.056338 0.019525
0 0.571918 0.954498 0.065585 0.091005
0 0.934288 0.451266 0.073585 0.045384
0 0.797293 0.278126 0.082831 0.048980
0 0.949106 0.124510 0.030599 0.041792
0 0.948429 0.189442 0.030988 0.035590
0 0.952784 0.226704 0.039536 0.018731
0 0.867810 0.264652 0.030096 0.056434
0 0.495207 0.459001 0.033833 0.058921
0 0.466651 0.454533 0.025170 0.031904
0 0.487446 0.823981 0.095345 0.044582
0 0.436591 0.840298 0.116614 0.042739
0 0.377897 0.790127 0.063274 0.032206
0 0.353241 0.817806 0.045078 0.025665
0 0.371396 0.853121 0.038872 0.029654
0 0.078004 0.660665 0.035813 0.036919
0 0.646704 0.442498 0.036670 0.043758
0 0.524780 0.114964 0.023767 0.038500
0 0.443501 0.456925 0.022520 0.037139
0 0.355682 0.496158 0.028309 0.059580
0 0.384220 0.938089 0.091302 0.090176
