0 0.556954 0.596120 0.033521 0.041369
0 0.543560 0.746313 0.041991 0.068875
0 0.570389 0.959742 0.065019 0.073847
0 0.161921 0.759572 0.047239 0.050446
0 0.170388 0.842053 0.046421 0.087389
0 0.161845 0.910274 0.042230 0.045006
0 0.138929 0.968812 0.060307 0.062376
0 0.075202 0.171698 0.048230 0.064620
0 0.233374 0.442963 0.043178 0.045810
0 0.341274 0.629984 0.036660 0.045471
0 0.780573 0.086333 0.036456 0.051520
0 0.851370 0.078744 0.034510 0.050843
0 0.801443 0.267744 0.059201 0.041631
0 0.985846 0.893222 0.028307 0.064191
0 0.576271 0.311879 0.018505 0.038581
0 0.237668 0.750322 0.019783 0.035980
0 0.200623 0.756228 0.019646 0.040209
0 0.379132 0.865163 0.023474 0.056339
