0 0.255908 0.877616 0.135969 0.119228
0 0.809880 0.181524 0.130033 0.084233
0 0.784052 0.033060 0.070063 0.066120
0 0.538535 0.049840 0.074220 0.051014
0 0.689645 0.101281 0.065312 0.063206
0 0.833038 0.266755 0.078969 0.066808
0 0.056555 0.217814 0.113109 0.098678
0 0.038446 0.327391 0.076892 0.059208
0 0.270752 0.379146 0.084906 0.053198
0 0.303112 0.290774 0.077189 0.036567
0 0.683708 0.329225 0.039187 0.024912
0 0.815223 0.340594 0.074219 0.029463
0 0.674208 0.358089 0.039187 0.021756
0 0.670941 0.382406 0.038592 0.020578
0 0.673614 0.405240 0.021375 0.016433
0 0.046016 0.013946 0.047500 0.027892
0 0.014398 0.790746 0.028797 0.059380
0 0.012469 0.859841 0.023156 0.056395
0 0.413252 0.992312 0.049280 0.012886
0 0.600137 0.971634 0.031767 0.040336
