0 0.823043 0.779865 0.049727 0.118329
0 0.857597 0.633621 0.053982 0.081346
0 0.598279 0.498542 0.050906 0.060804
0 0.417170 0.801641 0.053001 0.077677
0 0.387811 0.988996 0.038854 0.022008
0 0.279005 0.786065 0.027997 0.058669
0 0.251026 0.784523 0.031393 0.057120
0 0.154000 0.791259 0.062020 0.094688
0 0.027364 0.314810 0.054728 0.045838
0 0.080279 0.056794 0.035398 0.037943
0 0.015102 0.092068 0.030204 0.038357
0 0.252784 0.324638 0.030998 0.067776
0 0.279095 0.346866 0.026142 0.038657
0 0.536661 0.216641 0.068561 0.038589
0 0.538503 0.192131 0.056097 0.030883
0 0.554475 0.163235 0.066084 0.041610
