0 0.209024 0.657030 0.055879 0.049008
0 0.687894 0.453569 0.099764 0.041101
0 0.714442 0.518044 0.052290 0.035247
0 0.903165 0.331444 0.081406 0.038583
0 0.837747 0.238851 0.096700 0.065821
0 0.916879 0.121253 0.065119 0.081679
0 0.875561 0.891115 0.043279 0.015040
0 0.882645 0.919141 0.037854 0.018295
0 0.882980 0.944966 0.041200 0.015873
0 0.923578 0.768225 0.035008 0.036991
0 0.881437 0.636592 0.068472 0.024202
0 0.985355 0.572206 0.024561 0.077614
0 0.973026 0.718408 0.026542 0.045729
0 0.389755 0.419933 0.036600 0.039844
0 0.418028 0.348001 0.052011 0.053650
0 0.226748 0.302126 0.052424 0.028720
