0 0.865207 0.854344 0.100406 0.055186
0 0.975442 0.527720 0.049117 0.078404
0 0.794982 0.492548 0.081176 0.053251
0 0.558083 0.911172 0.044467 0.048769
0 0.846729 0.085179 0.059564 0.050729
0 0.678206 0.098694 0.043870 0.068597
0 0.644666 0.346955 0.035070 0.041869
0 0.244673 0.583237 0.080328 0.110650
0 0.243367 0.832733 0.040862 0.092488
0 0.044149 0.863008 0.050889 0.070956
0 0.336516 0.870843 0.072653 0.030285
0 0.075227 0.479745 0.097231 0.053838
0 0.398410 0.562220 0.045338 0.121767
0 0.522854 0.311588 0.037231 0.042864
