0 0.273323 0.051312 0.060052 0.102625
0 0.239731 0.528210 0.043344 0.096126
0 0.304865 0.519727 0.053940 0.095706
0 0.029785 0.448173 0.025068 0.049513
0 0.039175 0.517539 0.022455 0.048847
0 0.007155 0.603466 0.014310 0.060185
0 0.034195 0.676539 0.025641 0.066344
0 0.001872 0.678406 0.003744 0.060547
0 0.975903 0.749969 0.010077 0.073190
0 0.352902 0.974284 0.025373 0.028921
0 0.338361 0.857990 0.019779 0.076894
0 0.376376 0.854636 0.018101 0.065895
0 0.405302 0.866118 0.023123 0.044550
0 0.362968 0.705579 0.016217 0.033044
