0 0.096265 0.927254 0.082680 0.086319
0 0.285214 0.926984 0.064182 0.072088
0 0.181958 0.815371 0.050235 0.050584
0 0.020963 0.842923 0.041926 0.089975
0 0.068580 0.391104 0.048760 0.048105
0 0.174393 0.031142 0.033673 0.027750
0 0.165037 0.012398 0.036541 0.024796
0 0.438109 0.127952 0.092899 0.075008
0 0.458370 0.226107 0.047167 0.050022
0 0.402345 0.223408 0.055143 0.073749
0 0.403520 0.260342 0.044390 0.056115
0 0.579944 0.021648 0.065298 0.038642
0 0.785520 0.341500 0.056535 0.054109
0 0.893610 0.344887 0.054661 0.047585
0 0.726960 0.965414 0.075534 0.069173
0 0.381428 0.374628 0.042473 0.051682
0 0.218162 0.868848 0.103549 0.100760
0 0.028720 0.356447 0.044409 0.078941
