0 0.711748 0.887751 0.060532 0.080984
0 0.808414 0.857697 0.065044 0.040739
0 0.680585 0.994123 0.041964 0.011754
0 0.944819 0.778560 0.063245 0.056433
0 0.965998 0.720905 0.029733 0.035247
0 0.789247 0.441033 0.041417 0.081641
0 0.506237 0.392096 0.047022 0.039417
0 0.453640 0.448309 0.032243 0.038115
0 0.440982 0.563594 0.058179 0.017429
0 0.230577 0.293257 0.041956 0.038742
0 0.106133 0.396179 0.053985 0.024929
0 0.176595 0.203495 0.078659 0.015698
0 0.499158 0.788486 0.061966 0.035439
0 0.439412 0.808735 0.055157 0.055957
0 0.083930 0.769896 0.086114 0.043427
0 0.612937 0.907452 0.037874 0.084334
0 0.895481 0.052161 0.039388 0.028328
0 0.039118 0.611260 0.078235 0.037564
0 0.415187 0.095234 0.041897 0.018837
0 0.411998 0.068651 0.050504 0.021211
