0 0.192811 0.932806 0.088734 0.088240
0 0.701696 0.812519 0.077362 0.071313
0 0.183450 0.615647 0.073177 0.082227
0 0.340902 0.613837 0.070133 0.079919
0 0.304707 0.354285 0.054857 0.053560
0 0.697162 0.168419 0.091974 0.095845
0 0.974265 0.473829 0.051471 0.079089
0 0.902914 0.695565 0.057880 0.063645
0 0.833261 0.718981 0.058915 0.034120
0 0.815219 0.136566 0.076586 0.061333
0 0.821841 0.026748 0.071163 0.053496
0 0.933217 0.257541 0.065024 0.067331
0 0.168609 0.460998 0.047390 0.048713
0 0.104481 0.511320 0.062024 0.066538
0 0.014014 0.485101 0.028028 0.060166
0 0.128876 0.552128 0.037284 0.044658
0 0.084524 0.879887 0.047577 0.072316
0 0.679861 0.696814 0.037181 0.043382
