0 0.183465 0.095394 0.062041 0.064979
0 0.202326 0.175213 0.065291 0.051310
0 0.254439 0.294855 0.039407 0.035578
0 0.345898 0.461803 0.058386 0.047480
0 0.853787 0.076354 0.074586 0.063080
0 0.744039 0.256140 0.059884 0.041782
0 0.785021 0.544637 0.082723 0.077709
0 0.627105 0.484273 0.073345 0.026807
0 0.804906 0.715745 0.047985 0.045936
0 0.714380 0.637427 0.040736 0.026236
0 0.664048 0.567010 0.036829 0.022774
0 0.576694 0.072711 0.116408 0.107527
0 0.268852 0.694159 0.060098 0.040782
0 0.303318 0.656336 0.062882 0.039841
0 0.116136 0.706778 0.060786 0.043573
0 0.287782 0.843956 0.059576 0.036509
0 0.081392 0.923893 0.066774 0.025141
0 0.067328 0.872074 0.051819 0.028792
0 0.083734 0.992209 0.053507 0.015582
0 0.012592 0.511033 0.025184 0.065431
0 0.333730 0.125932 0.034863 0.018565
0 0.329698 0.152700 0.039290 0.017914
