0 0.206190 0.789976 0.045248 0.039999
0 0.041744 0.685422 0.078813 0.057821
0 0.236019 0.703387 0.045732 0.040604
0 0.747135 0.839399 0.044211 0.045707
0 0.787163 0.215016 0.058279 0.053154
0 0.692786 0.270058 0.076124 0.067569
0 0.720294 0.688582 0.054364 0.043069
0 0.694723 0.527425 0.042300 0.038331
0 0.673602 0.224075 0.073909 0.048150
0 0.481669 0.507635 0.058763 0.030714
0 0.545226 0.255236 0.057863 0.036713
0 0.487298 0.279734 0.059421 0.026458
0 0.372549 0.150997 0.041576 0.039250
0 0.640332 0.178889 0.040142 0.035645
0 0.663549 0.189093 0.038517 0.035887
0 0.238739 0.361124 0.040381 0.019804
