0 0.063232 0.107485 0.106024 0.105874
0 0.338999 0.258681 0.036931 0.082102
0 0.419991 0.202997 0.045933 0.085022
0 0.711390 0.376719 0.097267 0.078510
0 0.725085 0.020577 0.048373 0.041154
0 0.981017 0.586169 0.037965 0.066884
0 0.977579 0.434324 0.043334 0.059051
0 0.605053 0.597436 0.058728 0.076709
0 0.565907 0.746829 0.048399 0.053032
0 0.579436 0.862023 0.053949 0.049205
0 0.714508 0.650433 0.053765 0.056039
0 0.889594 0.732989 0.063674 0.055678
0 0.535441 0.461908 0.088709 0.090241
0 0.590026 0.509859 0.084542 0.092292
0 0.125067 0.692013 0.039640 0.043415
0 0.120771 0.604125 0.045842 0.047528
0 0.852860 0.448840 0.066630 0.057716
0 0.726007 0.922830 0.049486 0.055153
