0 0.150022 0.471584 0.095278 0.108275
0 0.199208 0.578754 0.070411 0.116666
0 0.331355 0.645041 0.047540 0.082087
0 0.076061 0.723538 0.071180 0.087063
0 0.027213 0.874424 0.049613 0.077280
0 0.267597 0.878704 0.061072 0.078676
0 0.373750 0.786184 0.060691 0.075479
0 0.489554 0.814985 0.042084 0.047303
0 0.437273 0.907837 0.046081 0.062158
0 0.648187 0.694642 0.039032 0.058393
0 0.315687 0.241859 0.042757 0.071648
0 0.429614 0.063630 0.029659 0.036987
0 0.677912 0.052270 0.048183 0.065947
0 0.762837 0.602770 0.020333 0.043647
0 0.732609 0.596745 0.020800 0.045246
0 0.761826 0.981169 0.026471 0.037661
0 0.659159 0.188218 0.041175 0.042197
