0 0.413282 0.863425 0.082782 0.078053
0 0.041509 0.523344 0.076565 0.087378
0 0.079537 0.212077 0.060532 0.064038
0 0.182758 0.105585 0.064568 0.065076
0 0.584723 0.427719 0.063933 0.149197
0 0.629070 0.477742 0.038778 0.067771
0 0.682784 0.488758 0.033273 0.077391
0 0.647948 0.100298 0.082518 0.095955
0 0.715565 0.048924 0.074006 0.042311
0 0.676849 0.644999 0.047105 0.106573
0 0.597540 0.557119 0.026850 0.040801
0 0.587570 0.644330 0.031942 0.031992
0 0.628666 0.684971 0.026973 0.036849
0 0.636897 0.549160 0.023451 0.023573
0 0.662894 0.563889 0.023990 0.046737
0 0.648990 0.642426 0.023949 0.042633
