0 0.771209 0.940560 0.037040 0.039212
0 0.961681 0.770687 0.017091 0.084260
0 0.944116 0.931813 0.019221 0.046171
0 0.898470 0.580969 0.022453 0.067097
0 0.949728 0.324963 0.024527 0.094694
0 0.967541 0.304611 0.021217 0.052052
0 0.772988 0.587201 0.037452 0.066376
0 0.534201 0.357222 0.074640 0.045728
0 0.608092 0.107997 0.038460 0.056865
0 0.626169 0.053971 0.066038 0.048994
0 0.986020 0.649275 0.027960 0.041752
0 0.910527 0.299608 0.027785 0.033000
0 0.927908 0.173887 0.041173 0.039552
0 0.491433 0.168128 0.039997 0.060295
0 0.233062 0.361248 0.036205 0.052759
0 0.084900 0.344163 0.039366 0.061184
0 0.062166 0.466077 0.034095 0.061494
0 0.205731 0.533560 0.036078 0.061650
0 0.320050 0.779627 0.018164 0.078223
0 0.369370 0.674208 0.037237 0.044993
0 0.224760 0.794364 0.023616 0.125277
0 0.203590 0.746128 0.016547 0.031727
0 0.169583 0.083858 0.024898 0.038846
0 0.148624 0.090582 0.026141 0.041552
0 0.125804 0.098128 0.022664 0.036704
0 0.189278 0.359916 0.035197 0.061996
0 0.294895 0.163280 0.130210 0.091997
0 0.502015 0.104458 0.016323 0.035618
0 0.473330 0.113570 0.018072 0.041618
0 0.900676 0.234963 0.013165 0.039222
0 0.878594 0.234491 0.017998 0.016779
0 0.821433 0.232332 0.016195 0.019014
0 0.782120 0.171066 0.018599 0.017281
0 0.808894 0.190374 0.010176 0.013859
