0 0.361122 0.706369 0.063084 0.068380
0 0.766645 0.897841 0.029971 0.058705
0 0.749813 0.832207 0.031175 0.056332
0 0.737338 0.923549 0.025531 0.043801
0 0.445005 0.975288 0.028805 0.049424
0 0.417261 0.980154 0.030273 0.039692
0 0.333060 0.855928 0.042356 0.049610
0 0.180540 0.985130 0.043612 0.029740
0 0.224038 0.383697 0.076953 0.117705
0 0.157446 0.556312 0.023530 0.071057
0 0.133993 0.438023 0.038257 0.060349
0 0.094365 0.459178 0.036237 0.041522
0 0.133855 0.261042 0.066690 0.061741
0 0.040763 0.220346 0.071927 0.055484
0 0.171036 0.072512 0.033053 0.047194
0 0.141775 0.080079 0.031330 0.056097
0 0.377496 0.179601 0.036118 0.058709
