0 0.595109 0.163599 0.124181 0.196449
0 0.257360 0.047526 0.077385 0.095052
0 0.104804 0.135821 0.050205 0.049669
0 0.067167 0.427892 0.068411 0.081205
0 0.282473 0.456700 0.076412 0.075607
0 0.229236 0.564817 0.050240 0.054486
0 0.054747 0.729395 0.051593 0.055620
0 0.042000 0.335278 0.044145 0.065456
0 0.720385 0.091643 0.071933 0.061508
0 0.861640 0.220297 0.146968 0.165318
0 0.910382 0.296694 0.050376 0.055277
0 0.824527 0.066296 0.078641 0.046307
0 0.586596 0.414112 0.056800 0.064079
0 0.502382 0.474808 0.058638 0.065317
0 0.736160 0.391039 0.066525 0.077869
0 0.984519 0.396550 0.030962 0.076012
0 0.965669 0.544407 0.068663 0.086369
0 0.854798 0.731024 0.078569 0.076364
0 0.719806 0.506523 0.072514 0.067526
0 0.792985 0.842153 0.068930 0.075630
0 0.628524 0.837655 0.068039 0.070981
0 0.464545 0.773723 0.063568 0.069683
0 0.410187 0.680841 0.087554 0.106353
0 0.446974 0.631507 0.048621 0.050908
0 0.542023 0.586766 0.092950 0.069976
0 0.617759 0.597337 0.041890 0.046369
0 0.899150 0.788054 0.063603 0.075359
0 0.937538 0.784031 0.044303 0.088256
0 0.115213 0.852490 0.039791 0.056681
0 0.610224 0.302218 0.049688 0.049154
0 0.674135 0.407138 0.078346 0.088094
0 0.925258 0.406956 0.046801 0.046060
