0 0.418528 0.861228 0.049551 0.055862
0 0.812134 0.780713 0.071634 0.102117
0 0.747244 0.969328 0.043817 0.057619
0 0.628614 0.944743 0.051271 0.048017
0 0.668126 0.324895 0.057516 0.083706
0 0.279822 0.050278 0.048804 0.100557
0 0.366160 0.382535 0.040943 0.051689
0 0.472931 0.363599 0.037480 0.038578
0 0.020708 0.387824 0.038213 0.041869
0 0.660402 0.748057 0.055485 0.019360
0 0.661769 0.721399 0.061387 0.020608
0 0.822237 0.884242 0.042863 0.042664
0 0.982507 0.225266 0.034986 0.053195
0 0.930078 0.418998 0.059257 0.051080
0 0.712176 0.400115 0.039678 0.043969
0 0.485468 0.480369 0.041684 0.040735
