0 0.463720 0.041792 0.049385 0.050127
0 0.358216 0.192700 0.065611 0.074326
0 0.253104 0.336258 0.069075 0.060449
0 0.123875 0.460888 0.068215 0.061866
0 0.039862 0.477591 0.049101 0.047355
0 0.040801 0.534732 0.034761 0.037026
0 0.059860 0.556138 0.032022 0.039543
0 0.261102 0.644662 0.058280 0.065730
0 0.213730 0.827241 0.064904 0.072919
0 0.469088 0.799336 0.055064 0.068403
0 0.745522 0.946220 0.071632 0.090648
0 0.660973 0.446110 0.071518 0.068420
0 0.745302 0.543267 0.065030 0.065168
0 0.053050 0.618178 0.053014 0.058065
0 0.674053 0.601869 0.051473 0.052750
0 0.775402 0.654932 0.037782 0.058435
0 0.752378 0.664754 0.038618 0.059521
0 0.867494 0.961929 0.054607 0.054299
0 0.684114 0.707115 0.046727 0.054079
0 0.644113 0.546191 0.043259 0.042773
0 0.838682 0.475553 0.053854 0.050833
0 0.826213 0.428081 0.050306 0.069218
0 0.863580 0.521966 0.044490 0.039633
