0 0.610098 0.086473 0.045655 0.041672
0 0.770893 0.251450 0.048435 0.049598
0 0.739736 0.320130 0.048562 0.070755
0 0.977279 0.224643 0.035204 0.060533
0 0.982626 0.645571 0.034748 0.055700
0 0.763791 0.917064 0.044149 0.043862
0 0.717104 0.812986 0.042345 0.038809
0 0.499608 0.856561 0.047682 0.063806
0 0.340947 0.838465 0.070974 0.072658
0 0.126777 0.974524 0.066967 0.050951
0 0.306015 0.539269 0.047260 0.044818
0 0.335359 0.461252 0.054934 0.066899
0 0.370023 0.317512 0.035489 0.044017
0 0.426493 0.240832 0.048133 0.036248
0 0.499170 0.171937 0.042565 0.048154
0 0.622303 0.651005 0.044083 0.038196
0 0.515029 0.329053 0.032206 0.038939
