0 0.562640 0.749123 0.046861 0.119495
0 0.546697 0.413828 0.078747 0.057666
0 0.623736 0.338327 0.074147 0.060045
0 0.152584 0.511326 0.055508 0.045777
0 0.854185 0.649248 0.046267 0.085013
0 0.791645 0.825218 0.063392 0.081445
0 0.589986 0.748528 0.019697 0.055287
0 0.508587 0.900720 0.036328 0.035075
0 0.115510 0.868319 0.018639 0.040425
0 0.093270 0.856429 0.020423 0.039236
0 0.213852 0.814369 0.043302 0.038941
0 0.261899 0.850188 0.027880 0.083822
0 0.241732 0.831906 0.024320 0.063313
0 0.719872 0.782713 0.037453 0.147434
0 0.803469 0.492598 0.017203 0.047559
0 0.757794 0.486059 0.025506 0.045181
