0 0.438987 0.869709 0.077874 0.075057
0 0.044066 0.555275 0.072231 0.083321
0 0.060856 0.242777 0.056991 0.062240
0 0.156244 0.128798 0.061748 0.062128
0 0.579872 0.423473 0.054165 0.150317
0 0.627638 0.468628 0.042541 0.065230
0 0.683036 0.475798 0.032808 0.075553
0 0.620882 0.090683 0.080330 0.091300
0 0.684146 0.034944 0.073128 0.037306
0 0.690092 0.631726 0.047305 0.104196
0 0.602382 0.550099 0.027439 0.038982
0 0.596687 0.638038 0.032621 0.030021
0 0.640949 0.675597 0.025638 0.035207
0 0.640135 0.539565 0.022199 0.022635
0 0.667016 0.552408 0.021988 0.045414
0 0.657620 0.631699 0.022992 0.041504
