0 0.321037 0.881770 0.147727 0.096445
0 0.248394 0.837675 0.056162 0.046627
0 0.116240 0.141485 0.047296 0.067452
0 0.144698 0.081880 0.060809 0.035408
0 0.475323 0.289246 0.019918 0.039002
0 0.497880 0.286828 0.017519 0.040934
0 0.520382 0.285858 0.018668 0.041032
0 0.571251 0.684320 0.019251 0.038426
0 0.596961 0.668568 0.017875 0.033114
0 0.624809 0.656192 0.019382 0.035142
0 0.653717 0.642362 0.019477 0.039957
0 0.694813 0.474471 0.079022 0.083670
0 0.524838 0.907733 0.037947 0.120424
0 0.446193 0.833636 0.017230 0.037412
0 0.472555 0.840575 0.017266 0.026778
0 0.553591 0.911343 0.029481 0.084610
0 0.656609 0.848563 0.025073 0.102784
0 0.597391 0.804279 0.016567 0.024092
0 0.694807 0.840510 0.016291 0.071782
0 0.681460 0.763537 0.021063 0.049946
0 0.729379 0.832376 0.016579 0.037445
0 0.521694 0.780455 0.022311 0.034211
0 0.508609 0.711832 0.056825 0.052099
0 0.586690 0.771285 0.056466 0.032449
0 0.408999 0.919819 0.054475 0.055099
0 0.313378 0.950102 0.040303 0.060233
0 0.268638 0.109226 0.039476 0.044346
0 0.263518 0.060413 0.040760 0.050237
