0 0.641145 0.527149 0.039355 0.079797
0 0.538555 0.550601 0.039238 0.067322
0 0.578065 0.624416 0.051472 0.091598
0 0.413994 0.956488 0.038467 0.056006
0 0.324312 0.939394 0.047030 0.045539
0 0.289043 0.629471 0.077403 0.056123
0 0.280608 0.368136 0.059092 0.047431
0 0.548645 0.261085 0.040029 0.071401
0 0.594159 0.377614 0.039739 0.040342
0 0.765408 0.235953 0.065765 0.119747
0 0.883306 0.043324 0.069656 0.058055
0 0.531243 0.173313 0.043525 0.063996
0 0.587203 0.073472 0.041941 0.059801
0 0.654846 0.233830 0.043879 0.045539
0 0.684231 0.106219 0.033925 0.059373
0 0.365325 0.554593 0.022923 0.077556
0 0.765159 0.823755 0.059901 0.046816
0 0.811157 0.623296 0.037441 0.041470
0 0.974136 0.561722 0.049362 0.038225
0 0.742237 0.348884 0.042555 0.035390
0 0.144250 0.171533 0.015631 0.033030
0 0.122641 0.200389 0.024667 0.084075
0 0.015941 0.676370 0.024841 0.038990
0 0.506543 0.787064 0.017942 0.073401
0 0.480163 0.984559 0.015414 0.028149
0 0.522534 0.906253 0.053453 0.064957
0 0.621057 0.987164 0.024685 0.025672
0 0.652495 0.991570 0.022040 0.016860
0 0.925576 0.802663 0.023651 0.079907
0 0.895752 0.821633 0.016432 0.036502
0 0.484072 0.383882 0.088594 0.053890
