0 0.439442 0.318590 0.069201 0.065190
0 0.551550 0.277373 0.060910 0.062878
0 0.618984 0.294150 0.073533 0.067555
0 0.454283 0.126493 0.071542 0.047322
0 0.569470 0.635498 0.077626 0.062711
0 0.455401 0.858187 0.100672 0.092012
0 0.528700 0.886381 0.076184 0.069176
0 0.604134 0.939049 0.118071 0.121902
0 0.728626 0.924171 0.053861 0.043688
0 0.876470 0.857726 0.044609 0.038700
0 0.095623 0.856042 0.039587 0.038095
0 0.951850 0.322216 0.033670 0.037313
0 0.067052 0.148345 0.024576 0.025878
0 0.065670 0.180106 0.030853 0.017932
0 0.059421 0.206381 0.029941 0.021467
0 0.677890 0.694634 0.049765 0.065364
0 0.894219 0.682864 0.066932 0.052217
