0 0.214172 0.525131 0.048503 0.064460
0 0.235540 0.681892 0.041330 0.068934
0 0.681319 0.707190 0.059147 0.066595
0 0.523166 0.201876 0.127657 0.144256
0 0.125372 0.921914 0.034045 0.034301
0 0.008138 0.704832 0.016276 0.041422
0 0.443839 0.669962 0.042094 0.057799
0 0.591121 0.897179 0.016441 0.036496
0 0.566064 0.889395 0.017702 0.042589
0 0.845531 0.832345 0.077159 0.059386
0 0.808626 0.908423 0.025344 0.023229
0 0.772267 0.885839 0.030197 0.023156
0 0.851651 0.924187 0.020720 0.019968
0 0.867993 0.962550 0.017759 0.040701
