0 0.791191 0.912301 0.064939 0.066069
0 0.922432 0.746314 0.063651 0.068638
0 0.405190 0.466194 0.078785 0.081773
0 0.219528 0.541586 0.061983 0.068741
0 0.284312 0.473210 0.081745 0.087260
0 0.203705 0.378395 0.049109 0.049342
0 0.094123 0.388313 0.048312 0.048358
0 0.252726 0.263967 0.051519 0.049563
0 0.147085 0.164970 0.070189 0.064182
0 0.452946 0.174239 0.053707 0.052357
0 0.679842 0.246249 0.044046 0.039416
0 0.578878 0.939008 0.054944 0.050734
0 0.173956 0.825823 0.058993 0.069177
0 0.371253 0.703565 0.062731 0.068038
0 0.341654 0.746952 0.057819 0.059430
0 0.184713 0.136992 0.059080 0.057960
0 0.191649 0.707507 0.064564 0.065711
0 0.101174 0.551254 0.065871 0.058216
0 0.057437 0.593040 0.049856 0.050121
0 0.197343 0.915887 0.072013 0.066174
0 0.285757 0.178195 0.037532 0.036007
0 0.237695 0.138719 0.022010 0.021372
0 0.313204 0.163528 0.029572 0.026235
0 0.292387 0.148338 0.024914 0.022648
