0 0.036497 0.179988 0.072993 0.056949
0 0.184447 0.224819 0.067216 0.053857
0 0.194853 0.158176 0.052433 0.044735
0 0.072162 0.593281 0.039418 0.059785
0 0.018353 0.851617 0.025334 0.043007
0 0.313795 0.926252 0.043686 0.051797
0 0.379760 0.949751 0.042245 0.036953
0 0.377229 0.778838 0.052209 0.066826
0 0.523369 0.691923 0.063206 0.049778
0 0.373921 0.085976 0.053319 0.067186
0 0.385111 0.230587 0.051456 0.066968
0 0.437660 0.119625 0.050176 0.065939
0 0.559769 0.113059 0.040028 0.046434
0 0.652763 0.192442 0.057176 0.048204
0 0.858194 0.020181 0.059015 0.040363
0 0.954953 0.796125 0.053931 0.058474
0 0.783747 0.708178 0.044779 0.043070
0 0.696029 0.889335 0.043278 0.049619
0 0.638069 0.860395 0.043514 0.040497
0 0.090747 0.198876 0.023113 0.040228
0 0.980228 0.476338 0.036364 0.048171
0 0.798124 0.102165 0.051742 0.056751
0 0.786875 0.080443 0.046659 0.054468
