0 0.772724 0.261882 0.042830 0.075738
0 0.807688 0.390427 0.063148 0.071311
0 0.917438 0.530687 0.062569 0.059706
0 0.523663 0.311788 0.074609 0.049509
0 0.410287 0.279188 0.041371 0.061361
0 0.280896 0.279187 0.031665 0.042837
0 0.239363 0.300498 0.029725 0.075918
0 0.340210 0.835841 0.050096 0.079015
0 0.265843 0.823361 0.035231 0.056580
0 0.222186 0.632951 0.016544 0.038557
0 0.196584 0.629922 0.018110 0.037672
0 0.174299 0.632186 0.015869 0.039813
0 0.249144 0.929376 0.019360 0.058552
0 0.663430 0.804951 0.020738 0.037770
0 0.643718 0.804428 0.016092 0.041564
0 0.622908 0.806783 0.016962 0.041376
0 0.599819 0.811166 0.017302 0.039051
0 0.072013 0.890424 0.051450 0.040944
0 0.193133 0.778733 0.044526 0.044299
0 0.118476 0.331176 0.032640 0.024216
