0 0.033398 0.918545 0.066797 0.082452
0 0.056703 0.991126 0.048687 0.015258
0 0.552784 0.776966 0.055219 0.082072
0 0.431808 0.721313 0.105391 0.059317
0 0.557831 0.607041 0.049875 0.041102
0 0.346307 0.433623 0.041267 0.042709
0 0.778708 0.394272 0.089063 0.079891
0 0.962178 0.376774 0.054625 0.066245
0 0.774700 0.228384 0.063828 0.084231
0 0.636207 0.044204 0.058186 0.040930
0 0.284408 0.190838 0.075406 0.057298
0 0.223845 0.306487 0.036219 0.020958
0 0.209892 0.342373 0.028500 0.040139
0 0.963959 0.666054 0.048689 0.038152
0 0.738927 0.728174 0.046313 0.059989
0 0.209891 0.680431 0.049877 0.045175
0 0.247892 0.691410 0.034437 0.040827
0 0.422753 0.816552 0.056406 0.027813
0 0.112813 0.375589 0.075406 0.078106
