0 0.048873 0.719916 0.064638 0.054712
0 0.786779 0.377417 0.119600 0.104417
0 0.580778 0.025699 0.068397 0.051398
0 0.891840 0.027232 0.054702 0.054463
0 0.821234 0.079527 0.055987 0.047213
0 0.784626 0.006428 0.028558 0.012856
0 0.774283 0.023385 0.040079 0.033005
0 0.769548 0.056201 0.056760 0.039045
0 0.745886 0.925429 0.111754 0.019109
0 0.685748 0.513583 0.058277 0.065797
0 0.097792 0.617684 0.062289 0.035267
0 0.092549 0.586041 0.058046 0.035171
0 0.697016 0.345202 0.116538 0.135593
0 0.857574 0.450084 0.113168 0.109893
0 0.801161 0.522837 0.104950 0.052103
0 0.900698 0.935968 0.029883 0.052457
