0 0.657030 0.790976 0.049008 0.055879
0 0.453569 0.312106 0.041101 0.099764
0 0.518044 0.285558 0.035247 0.052290
0 0.331444 0.096835 0.038583 0.081406
0 0.238851 0.162253 0.065821 0.096700
0 0.121253 0.083121 0.081679 0.065119
0 0.891115 0.124439 0.015040 0.043279
0 0.919141 0.117355 0.018295 0.037854
0 0.944966 0.117020 0.015873 0.041200
0 0.768225 0.076422 0.036991 0.035008
0 0.636592 0.118563 0.024202 0.068472
0 0.572206 0.014645 0.077614 0.024561
0 0.718408 0.026974 0.045729 0.026542
0 0.419933 0.610245 0.039844 0.036600
0 0.348001 0.581972 0.053650 0.052011
0 0.302126 0.773252 0.028720 0.052424
