0 0.397265 0.980430 0.038892 0.039140
0 0.549921 0.192395 0.114841 0.110679
0 0.944682 0.304207 0.048723 0.065170
0 0.865592 0.016346 0.057865 0.032691
0 0.829387 0.085976 0.050641 0.057622
0 0.919430 0.105650 0.036353 0.036116
0 0.896234 0.118047 0.037959 0.039566
0 0.865013 0.130282 0.046946 0.055698
0 0.028236 0.364470 0.043728 0.110997
0 0.442040 0.322876 0.057228 0.047116
0 0.482567 0.918097 0.022721 0.061156
0 0.514309 0.916056 0.022961 0.059308
0 0.085925 0.975914 0.023376 0.048172
0 0.602148 0.270958 0.133428 0.125850
0 0.462969 0.140917 0.113672 0.112623
0 0.404897 0.214307 0.075771 0.111096
