0 0.305957 0.903778 0.089566 0.036555
0 0.273242 0.867802 0.174202 0.050998
0 0.204468 0.828535 0.180352 0.051256
0 0.433431 0.881855 0.079329 0.034470
0 0.447326 0.856061 0.079733 0.030214
0 0.462221 0.826554 0.062975 0.025828
0 0.481641 0.804964 0.051523 0.019698
0 0.500560 0.780287 0.039631 0.025222
0 0.541495 0.745290 0.088940 0.027312
0 0.554806 0.722118 0.096290 0.031107
0 0.523331 0.688576 0.034980 0.018639
0 0.430692 0.733190 0.108507 0.031257
0 0.430621 0.709172 0.102142 0.031418
0 0.451369 0.685033 0.074803 0.027237
0 0.359583 0.782603 0.040726 0.020263
0 0.304808 0.753418 0.062631 0.029275
0 0.302537 0.725348 0.045436 0.022023
0 0.332262 0.666971 0.041762 0.020008
0 0.341901 0.639017 0.042520 0.022530
0 0.364063 0.615863 0.038232 0.019640
0 0.360519 0.585413 0.029218 0.013414
