0 0.114168 0.730676 0.116462 0.133659
0 0.829045 0.201475 0.080700 0.129063
0 0.972101 0.232512 0.055798 0.068576
0 0.951231 0.477147 0.049222 0.073409
0 0.905193 0.324462 0.062080 0.063824
0 0.744730 0.175475 0.065306 0.077782
0 0.766149 0.948688 0.095820 0.102624
0 0.655346 0.964529 0.055343 0.070942
0 0.612666 0.733402 0.050970 0.084254
0 0.702046 0.704095 0.034400 0.077349
0 0.677030 0.322364 0.023965 0.039039
0 0.670274 0.190622 0.026948 0.074429
0 0.647951 0.330927 0.020717 0.039039
0 0.623472 0.333291 0.019395 0.038382
0 0.600694 0.329843 0.016039 0.021114
0 0.970577 0.970940 0.028207 0.047036
0 0.192168 0.976071 0.058971 0.029028
0 0.123037 0.975526 0.056206 0.023411
0 0.005477 0.568354 0.010954 0.047102
0 0.032123 0.383464 0.039897 0.030629
