0 0.873346 0.543495 0.077129 0.077867
0 0.579055 0.952557 0.080010 0.068748
0 0.267484 0.951756 0.062394 0.054153
0 0.147400 0.862549 0.059719 0.059435
0 0.420533 0.422675 0.150676 0.049360
0 0.461069 0.374172 0.064758 0.045882
0 0.466152 0.316830 0.073932 0.033415
0 0.084778 0.399811 0.087515 0.078432
0 0.026431 0.340407 0.034412 0.074904
0 0.621978 0.300579 0.103343 0.047304
0 0.544603 0.395136 0.037632 0.029442
0 0.632875 0.396781 0.028446 0.033027
0 0.668003 0.350491 0.033863 0.026571
0 0.532685 0.357884 0.022749 0.021189
0 0.543627 0.331074 0.044275 0.022913
0 0.622718 0.336655 0.041548 0.023204
