0 0.043641 0.678012 0.051262 0.049813
0 0.299252 0.166736 0.038794 0.042894
0 0.371293 0.197177 0.088667 0.062266
0 0.528539 0.868964 0.098366 0.044278
0 0.667775 0.567316 0.049875 0.041511
0 0.698947 0.463539 0.054031 0.047047
0 0.832641 0.632350 0.066500 0.063650
0 0.953172 0.560398 0.049875 0.049813
0 0.927543 0.342466 0.059573 0.067800
0 0.078276 0.754116 0.051261 0.047045
0 0.168329 0.749966 0.059573 0.035977
0 0.861734 0.944375 0.072044 0.051197
0 0.559020 0.171579 0.048489 0.049814
0 0.275699 0.533416 0.072042 0.053964
0 0.293017 0.509202 0.037406 0.038744
