0 0.330862 0.538636 0.066112 0.060709
0 0.059681 0.263791 0.065600 0.079212
0 0.212150 0.136866 0.067881 0.073535
0 0.039422 0.144723 0.039217 0.050961
0 0.616866 0.935983 0.061014 0.048846
0 0.488899 0.874008 0.063750 0.058714
0 0.501010 0.779002 0.048579 0.054505
0 0.625086 0.610962 0.062510 0.065868
0 0.597568 0.764877 0.073450 0.066895
0 0.918424 0.840048 0.058135 0.076147
0 0.689600 0.392120 0.023974 0.031628
0 0.745539 0.493101 0.049195 0.042960
0 0.714310 0.445331 0.062468 0.079781
0 0.614221 0.198267 0.091067 0.081584
0 0.752367 0.034513 0.057933 0.069027
0 0.951875 0.420001 0.049128 0.041456
0 0.920312 0.219799 0.052872 0.052637
0 0.763072 0.565144 0.045826 0.043820
0 0.473883 0.501726 0.046925 0.054896
