0 0.566968 0.251998 0.044955 0.119011
0 0.545307 0.587040 0.078312 0.056435
0 0.620880 0.663802 0.073534 0.058877
0 0.153143 0.482652 0.055681 0.044879
0 0.856777 0.356971 0.045005 0.084430
0 0.797253 0.179962 0.062215 0.080574
0 0.594333 0.252945 0.018776 0.055352
0 0.515608 0.099502 0.035902 0.034583
0 0.122007 0.124999 0.018014 0.040212
0 0.099578 0.136545 0.019870 0.039064
0 0.219375 0.180659 0.042973 0.038333
0 0.268089 0.145550 0.026496 0.083975
0 0.247634 0.163618 0.023435 0.063110
0 0.724814 0.221172 0.035082 0.147101
0 0.803293 0.512671 0.016516 0.047345
0 0.757532 0.518293 0.024755 0.045330
