0 0.048874 0.119580 0.035016 0.027026
0 0.051355 0.092082 0.035016 0.022695
0 0.155316 0.198703 0.101841 0.088192
0 0.038799 0.188880 0.028205 0.023805
0 0.277346 0.012286 0.046145 0.024571
0 0.283975 0.106248 0.048394 0.065380
0 0.486690 0.270850 0.053004 0.026409
0 0.477699 0.303522 0.070803 0.028946
0 0.760751 0.368918 0.068557 0.065752
0 0.462361 0.842827 0.076275 0.082447
0 0.900208 0.773043 0.078238 0.062091
0 0.633092 0.869827 0.045292 0.036524
0 0.852818 0.953520 0.038047 0.030093
0 0.933705 0.218327 0.051449 0.051937
0 0.372032 0.977124 0.046424 0.027086
