0 0.490845 0.608321 0.141243 0.055461
0 0.815703 0.779867 0.064578 0.050602
0 0.938983 0.781403 0.059896 0.033473
0 0.929543 0.823927 0.068064 0.048638
0 0.690455 0.912110 0.059677 0.043434
0 0.209480 0.880850 0.065860 0.047098
0 0.035291 0.761433 0.070582 0.044760
0 0.492509 0.258921 0.116253 0.033420
0 0.562834 0.419772 0.067018 0.022377
0 0.598512 0.106731 0.090973 0.033369
0 0.867856 0.264785 0.066077 0.050073
0 0.813509 0.068660 0.043528 0.042142
0 0.833155 0.505452 0.035722 0.039503
0 0.855852 0.630937 0.039207 0.037125
0 0.856397 0.985778 0.040405 0.028443
0 0.206649 0.620343 0.081537 0.080577
