0 0.188969 0.198319 0.121853 0.098231
0 0.078088 0.049796 0.056498 0.058920
0 0.614722 0.085066 0.048313 0.063635
0 0.466257 0.232690 0.077968 0.073762
0 0.459085 0.487748 0.076926 0.044819
0 0.121635 0.589214 0.078425 0.038113
0 0.059084 0.677259 0.045035 0.038838
0 0.589520 0.797586 0.118304 0.060317
0 0.309183 0.949499 0.094723 0.043672
0 0.406991 0.722905 0.052044 0.041660
0 0.708092 0.521411 0.093991 0.103504
0 0.773679 0.109181 0.044178 0.063788
0 0.658028 0.032780 0.038013 0.039286
0 0.980867 0.921994 0.038265 0.037399
0 0.345882 0.631037 0.036402 0.038370
0 0.968820 0.701274 0.031850 0.035754
0 0.542470 0.442669 0.063430 0.032119
0 0.163310 0.317449 0.032167 0.057538
