0 0.868210 0.130507 0.056928 0.053856
0 0.853324 0.188922 0.040785 0.045390
0 0.807955 0.236138 0.067149 0.051496
0 0.971279 0.624694 0.057442 0.063306
0 0.810088 0.759238 0.079932 0.091964
0 0.741906 0.914228 0.049201 0.050300
0 0.276753 0.631673 0.046292 0.090720
0 0.243954 0.614343 0.040200 0.072946
0 0.215012 0.597448 0.023402 0.041020
0 0.342452 0.497426 0.031721 0.054624
0 0.069782 0.167068 0.045350 0.075956
0 0.269412 0.210925 0.028908 0.057988
0 0.133466 0.390899 0.059268 0.052568
0 0.101215 0.471463 0.036910 0.043312
0 0.252630 0.461264 0.019081 0.029058
0 0.275755 0.466314 0.016759 0.033848
