0 0.413966 0.396330 0.073162 0.079790
0 0.558130 0.421985 0.066983 0.104674
0 0.614866 0.480325 0.040399 0.038074
0 0.601471 0.543367 0.040775 0.033830
0 0.448603 0.755849 0.049280 0.057539
0 0.489865 0.303948 0.058952 0.049052
0 0.570111 0.105823 0.052280 0.048682
0 0.393849 0.175044 0.064687 0.064377
0 0.311812 0.201834 0.070267 0.055840
0 0.276413 0.121877 0.074443 0.082775
0 0.281650 0.012647 0.037070 0.025295
0 0.306088 0.366422 0.050094 0.063337
0 0.407930 0.287088 0.041991 0.047685
0 0.195549 0.437644 0.076035 0.068183
0 0.129028 0.407532 0.054433 0.054859
0 0.030509 0.585167 0.059978 0.070764
