0 0.573270 0.581574 0.060564 0.078398
0 0.538683 0.455665 0.047797 0.036823
0 0.256353 0.456258 0.074516 0.066519
0 0.337995 0.127526 0.102423 0.074239
0 0.565550 0.074055 0.053438 0.039753
0 0.390393 0.033057 0.112814 0.063620
0 0.042305 0.188105 0.084609 0.054045
0 0.063977 0.104958 0.028203 0.037416
0 0.118157 0.167616 0.038592 0.034447
0 0.776927 0.374980 0.115189 0.045314
0 0.306822 0.948020 0.036516 0.034448
0 0.890334 0.899022 0.054623 0.036228
0 0.876678 0.584452 0.027313 0.073464
0 0.957130 0.587870 0.040970 0.039911
0 0.921803 0.398732 0.043937 0.061936
0 0.793997 0.029791 0.097078 0.057089
