0 0.214648 0.577308 0.124495 0.057556
0 0.419657 0.726520 0.045011 0.053355
0 0.538450 0.707079 0.045939 0.044684
0 0.912191 0.850433 0.049977 0.054014
0 0.344481 0.303749 0.037177 0.041163
0 0.132259 0.138369 0.047253 0.057706
0 0.183642 0.966399 0.041710 0.045946
0 0.117228 0.834545 0.082501 0.048811
0 0.039899 0.833015 0.028445 0.043854
0 0.075790 0.764686 0.016273 0.043392
0 0.029791 0.762022 0.018569 0.039143
0 0.269925 0.095697 0.068057 0.065624
0 0.303147 0.262530 0.077514 0.042210
0 0.114295 0.272926 0.078307 0.050956
