0 0.029391 0.179369 0.058783 0.104638
0 0.125390 0.063255 0.073480 0.048491
0 0.224299 0.411173 0.083290 0.015323
0 0.192222 0.504950 0.077617 0.064551
0 0.439531 0.736597 0.089491 0.089709
0 0.089438 0.854038 0.070119 0.063508
0 0.716809 0.942479 0.071345 0.059873
0 0.570153 0.974829 0.065415 0.039779
0 0.623028 0.574517 0.072583 0.063988
0 0.755114 0.494748 0.054412 0.054271
0 0.870690 0.476239 0.044316 0.049161
0 0.703959 0.661615 0.051998 0.060026
0 0.832068 0.809588 0.058104 0.064319
0 0.473077 0.545656 0.098134 0.077215
0 0.533017 0.583733 0.090263 0.090675
0 0.580733 0.086702 0.047260 0.046462
0 0.495149 0.106247 0.051900 0.051038
0 0.547598 0.853660 0.059655 0.061573
0 0.968214 0.600581 0.059563 0.037550
