0 0.839879 0.765340 0.036508 0.059456
0 0.960605 0.523430 0.066650 0.047350
0 0.722834 0.615630 0.071526 0.037309
0 0.468152 0.563243 0.075183 0.042664
0 0.478338 0.127664 0.050949 0.058355
0 0.906942 0.173612 0.100070 0.054158
0 0.708058 0.398766 0.058706 0.064841
0 0.430688 0.394164 0.071315 0.085534
0 0.280549 0.500580 0.066267 0.088220
0 0.185605 0.096736 0.041848 0.061462
0 0.094349 0.043007 0.088300 0.037720
0 0.228291 0.029302 0.044133 0.025934
0 0.295263 0.915839 0.040616 0.065533
0 0.141288 0.759725 0.050405 0.051492
0 0.976828 0.588692 0.046345 0.040997
