0 0.569295 0.136004 0.048713 0.054453
0 0.178220 0.230389 0.074409 0.102024
0 0.237406 0.039488 0.044045 0.056251
0 0.355947 0.059980 0.050245 0.046878
0 0.338170 0.680864 0.055280 0.082359
0 0.735250 0.942641 0.050868 0.103953
0 0.636989 0.613043 0.040985 0.050870
0 0.532154 0.635658 0.036797 0.039191
0 0.982133 0.595522 0.035733 0.041165
0 0.331038 0.257692 0.056126 0.017412
0 0.330472 0.284412 0.061208 0.018536
0 0.164576 0.127248 0.043815 0.043410
0 0.025672 0.792258 0.039752 0.054564
0 0.072947 0.595989 0.060665 0.053039
0 0.291710 0.607219 0.039344 0.042621
0 0.515269 0.519038 0.042616 0.041108
