0 0.229699 0.777106 0.064494 0.084136
0 0.399795 0.531663 0.067016 0.063519
0 0.334296 0.386466 0.046270 0.074033
0 0.300565 0.409288 0.036950 0.055712
0 0.278301 0.428720 0.017430 0.023841
0 0.819325 0.309107 0.052828 0.067002
0 0.882451 0.355505 0.041928 0.057844
0 0.892564 0.141626 0.045232 0.045547
0 0.829936 0.113578 0.055197 0.049035
0 0.769515 0.010960 0.035118 0.021919
0 0.692668 0.150614 0.036370 0.061283
0 0.127562 0.658281 0.042242 0.056913
0 0.033296 0.534374 0.031583 0.051330
0 0.022807 0.355404 0.045615 0.066022
0 0.295073 0.216738 0.057803 0.065008
0 0.524288 0.228397 0.039842 0.082161
0 0.269005 0.571376 0.065101 0.064583
0 0.285152 0.027450 0.034986 0.048163
