0 0.978758 0.590461 0.042485 0.067951
0 0.815326 0.425771 0.041862 0.039666
0 0.892154 0.249619 0.067672 0.070025
0 0.964238 0.173999 0.043574 0.081993
0 0.783433 0.028294 0.064611 0.056587
0 0.512286 0.105978 0.070108 0.073456
0 0.489928 0.617056 0.037845 0.048331
0 0.484401 0.568665 0.039646 0.048451
0 0.194794 0.895726 0.038639 0.077423
0 0.083377 0.862462 0.038224 0.114262
0 0.347587 0.402887 0.047063 0.066128
0 0.473868 0.336298 0.045750 0.049775
0 0.022694 0.720368 0.032693 0.059769
0 0.710959 0.522899 0.029334 0.063971
0 0.537165 0.719621 0.049049 0.045196
