0 0.153069 0.759514 0.107874 0.128075
0 0.010278 0.853137 0.020555 0.049367
0 0.108555 0.322007 0.066406 0.054853
0 0.231095 0.491553 0.079066 0.081705
0 0.480922 0.538369 0.052830 0.080021
0 0.529065 0.887668 0.047704 0.080116
0 0.605334 0.965003 0.040317 0.046985
0 0.807807 0.458889 0.041966 0.120609
0 0.913782 0.758785 0.056556 0.100388
0 0.705268 0.626596 0.036121 0.047138
0 0.554133 0.298078 0.109812 0.105604
0 0.156692 0.168475 0.067069 0.051992
0 0.064122 0.271152 0.039224 0.042931
0 0.985300 0.084193 0.029400 0.054939
0 0.605966 0.672928 0.042289 0.040079
0 0.771146 0.068105 0.034258 0.027175
0 0.449581 0.448963 0.038638 0.063275
0 0.266759 0.804310 0.057376 0.039375
