0 0.497148 0.643715 0.073001 0.052613
0 0.456816 0.546652 0.071157 0.050125
0 0.392105 0.598646 0.092995 0.066271
0 0.035707 0.494413 0.060637 0.047298
0 0.036779 0.403152 0.039970 0.042112
0 0.336366 0.313862 0.067188 0.080926
0 0.592375 0.261799 0.047431 0.055705
0 0.744041 0.508018 0.066833 0.032463
0 0.635949 0.572622 0.036360 0.038936
0 0.806306 0.715028 0.116283 0.047988
0 0.826838 0.472276 0.057950 0.039891
0 0.936392 0.512732 0.056745 0.038138
0 0.788981 0.606301 0.039970 0.039507
0 0.919704 0.612569 0.052751 0.042753
0 0.422807 0.377119 0.077263 0.035506
0 0.227064 0.816840 0.037834 0.055639
0 0.433392 0.825154 0.039734 0.037340
0 0.521904 0.975224 0.045505 0.049551
0 0.690901 0.712263 0.030222 0.038762
0 0.762124 0.095013 0.030770 0.015706
0 0.730955 0.076906 0.084235 0.021472
0 0.243447 0.054137 0.039552 0.030804
0 0.218664 0.554531 0.073879 0.021914
0 0.018471 0.565667 0.027565 0.017948
0 0.104041 0.592832 0.060035 0.046569
0 0.038501 0.703872 0.029979 0.021150
0 0.039901 0.735379 0.020641 0.019983
0 0.276844 0.972004 0.079117 0.022234
0 0.253314 0.945274 0.036124 0.021158
0 0.610471 0.465651 0.053293 0.088168
