0 0.347643 0.081560 0.086686 0.050448
0 0.266892 0.120110 0.064125 0.038595
0 0.418894 0.032334 0.066500 0.064669
0 0.502019 0.028034 0.049875 0.044798
0 0.546550 0.043008 0.046312 0.040947
0 0.475300 0.285437 0.086688 0.047242
0 0.713989 0.295520 0.054625 0.074525
0 0.919131 0.415918 0.076594 0.055580
0 0.217017 0.352012 0.065313 0.046961
0 0.163579 0.186241 0.052252 0.046325
0 0.251158 0.261711 0.049281 0.024697
0 0.368720 0.256081 0.069469 0.084597
0 0.142798 0.586135 0.099750 0.043764
0 0.306970 0.611048 0.068281 0.079356
0 0.464316 0.916637 0.037406 0.041184
0 0.893005 0.972306 0.056408 0.052897
0 0.958913 0.971943 0.050469 0.043277
0 0.814927 0.855074 0.043937 0.037370
0 0.798598 0.688444 0.074219 0.038453
0 0.969600 0.655527 0.057594 0.040225
0 0.411769 0.965635 0.157938 0.066239
0 0.038891 0.702974 0.061750 0.046167
0 0.751098 0.058576 0.080156 0.020489
