0 0.971098 0.229673 0.048990 0.036695
0 0.946828 0.265448 0.040655 0.046260
0 0.731424 0.195167 0.044497 0.036501
0 0.680437 0.206448 0.052855 0.038103
0 0.356865 0.676292 0.088113 0.072980
0 0.188634 0.692384 0.072733 0.046744
0 0.637737 0.296240 0.040773 0.022451
0 0.631237 0.273348 0.033285 0.024513
0 0.551414 0.328380 0.039316 0.021650
0 0.545595 0.301435 0.036941 0.023616
0 0.538313 0.275357 0.035160 0.023645
0 0.533149 0.249386 0.035140 0.024973
0 0.527289 0.220162 0.035224 0.026693
0 0.520886 0.198627 0.031536 0.025960
