0 0.720244 0.363878 0.040962 0.076684
0 0.904188 0.388476 0.054633 0.051738
0 0.991989 0.380749 0.016023 0.047913
0 0.791465 0.944166 0.035136 0.057818
0 0.817565 0.934274 0.034056 0.057854
0 0.013649 0.808682 0.027297 0.081419
0 0.020679 0.565527 0.041359 0.056811
0 0.024364 0.733786 0.044447 0.047263
0 0.078505 0.754505 0.052118 0.042820
0 0.292387 0.157090 0.019915 0.031984
0 0.307579 0.172856 0.025103 0.064630
0 0.326245 0.178530 0.026031 0.084373
0 0.346785 0.184839 0.028233 0.079042
0 0.369561 0.186334 0.028234 0.074672
0 0.300172 0.017354 0.048181 0.034708
