0 0.443379 0.899215 0.074072 0.069504
0 0.474181 0.971117 0.066540 0.057765
0 0.790985 0.717624 0.063648 0.070720
0 0.631504 0.652797 0.107430 0.115082
0 0.687798 0.629015 0.055053 0.062976
0 0.733090 0.744172 0.054368 0.043702
0 0.491420 0.461984 0.059308 0.039995
0 0.469121 0.369483 0.066042 0.042560
0 0.145421 0.482059 0.034338 0.037397
0 0.239134 0.169090 0.046549 0.048921
0 0.639135 0.990942 0.042545 0.018116
0 0.611431 0.902259 0.063068 0.049734
0 0.269040 0.382028 0.027281 0.016692
0 0.270138 0.404821 0.024836 0.013976
0 0.273988 0.428126 0.029255 0.018303
0 0.275677 0.448302 0.027054 0.015598
