0 0.952844 0.725407 0.045632 0.053607
0 0.067223 0.263840 0.075997 0.068657
0 0.215586 0.536466 0.049071 0.050890
0 0.256810 0.462701 0.045914 0.043385
0 0.189016 0.592046 0.052609 0.048875
0 0.665962 0.856384 0.075271 0.055023
0 0.979878 0.150688 0.040245 0.036409
0 0.914210 0.165360 0.063784 0.060347
0 0.971180 0.613515 0.035212 0.029505
0 0.964360 0.643623 0.041257 0.027783
0 0.958019 0.670538 0.042876 0.021193
0 0.710013 0.575823 0.061077 0.058076
0 0.878750 0.124081 0.058012 0.041464
0 0.484293 0.433163 0.043202 0.044440
0 0.363246 0.429316 0.144840 0.136271
0 0.337010 0.609272 0.052154 0.049076
0 0.983662 0.499620 0.030122 0.041358
