0 0.081560 0.347643 0.050448 0.086686
0 0.120110 0.266892 0.038595 0.064125
0 0.032334 0.418894 0.064669 0.066500
0 0.028034 0.502019 0.044798 0.049875
0 0.043008 0.546550 0.040947 0.046312
0 0.285437 0.475300 0.047242 0.086688
0 0.295520 0.713989 0.074525 0.054625
0 0.415918 0.919131 0.055580 0.076594
0 0.352012 0.217017 0.046961 0.065313
0 0.186241 0.163579 0.046325 0.052252
0 0.261711 0.251158 0.024697 0.049281
0 0.256081 0.368720 0.084597 0.069469
0 0.586135 0.142798 0.043764 0.099750
0 0.611048 0.306970 0.079356 0.068281
0 0.916637 0.464316 0.041184 0.037406
0 0.972306 0.893005 0.052897 0.056408
0 0.971943 0.958913 0.043277 0.050469
0 0.855074 0.814927 0.037370 0.043937
0 0.688444 0.798598 0.038453 0.074219
0 0.655527 0.969600 0.040225 0.057594
0 0.965635 0.411769 0.066239 0.157938
0 0.702974 0.038891 0.046167 0.061750
0 0.058576 0.751098 0.020489 0.080156
