0 0.032953 0.276728 0.039187 0.036184
0 0.182580 0.068227 0.085500 0.023727
0 0.025086 0.104708 0.046016 0.019575
0 0.378518 0.112420 0.067686 0.021948
0 0.627004 0.033823 0.093220 0.018981
0 0.645707 0.014249 0.051061 0.017795
0 0.385049 0.240212 0.062939 0.036848
0 0.637098 0.452605 0.040969 0.075925
0 0.878458 0.350579 0.053437 0.035592
0 0.930413 0.328039 0.042156 0.067622
0 0.300439 0.024172 0.042156 0.048319
0 0.656692 0.070587 0.031469 0.024942
0 0.780786 0.040348 0.038594 0.045081
0 0.832740 0.473367 0.060564 0.035591
0 0.665005 0.750972 0.052844 0.041522
0 0.697067 0.895411 0.059969 0.037369
0 0.579206 0.931890 0.058187 0.040336
0 0.499198 0.795640 0.061453 0.040695
0 0.241658 0.709747 0.077781 0.023134
0 0.339182 0.649243 0.044236 0.034995
0 0.236908 0.805248 0.125281 0.021948
0 0.285892 0.820373 0.030875 0.015422
0 0.947928 0.785377 0.039187 0.021353
0 0.944068 0.806731 0.040970 0.022541
0 0.938724 0.830192 0.036220 0.019513
0 0.671536 0.794607 0.059969 0.030180
0 0.856194 0.668859 0.081344 0.132362
0 0.892561 0.457135 0.035922 0.013480
0 0.887217 0.484636 0.043047 0.018981
0 0.722301 0.072973 0.039189 0.015423
0 0.725270 0.095940 0.016625 0.016942
0 0.731802 0.152162 0.019000 0.016014
0 0.798153 0.184193 0.018109 0.018389
0 0.775739 0.160735 0.013062 0.009545
