0 0.132092 0.432530 0.075046 0.079133
0 0.452688 0.043218 0.084374 0.073348
0 0.765305 0.065329 0.062150 0.057903
0 0.877180 0.162720 0.062894 0.062482
0 0.575499 0.581122 0.150106 0.056634
0 0.529005 0.628164 0.065694 0.041400
0 0.520970 0.682880 0.076047 0.032586
0 0.907099 0.627709 0.092506 0.080914
0 0.961771 0.691934 0.038575 0.073067
0 0.364893 0.686866 0.104838 0.047277
0 0.448122 0.601316 0.039455 0.027107
0 0.360325 0.594451 0.030528 0.032466
0 0.321977 0.638143 0.035634 0.025579
0 0.458095 0.639389 0.022723 0.022523
0 0.444695 0.666061 0.045766 0.022499
0 0.365467 0.655657 0.041625 0.022993
