0 0.252345 0.192116 0.052844 0.055886
0 0.310534 0.186799 0.069470 0.041573
0 0.247892 0.030741 0.071250 0.055545
0 0.178423 0.107214 0.061752 0.039200
0 0.171595 0.406845 0.100344 0.080178
0 0.532597 0.464752 0.076594 0.045137
0 0.106282 0.848717 0.118158 0.039794
0 0.336659 0.956824 0.109845 0.037386
0 0.588707 0.807441 0.066502 0.060578
0 0.779302 0.379821 0.054625 0.079586
0 0.659660 0.481084 0.042155 0.069488
0 0.624630 0.401499 0.059969 0.083742
0 0.494003 0.396154 0.059969 0.076614
0 0.373471 0.450277 0.068283 0.077953
0 0.035625 0.619466 0.056406 0.111061
0 0.675395 0.855844 0.040377 0.059984
0 0.598949 0.859139 0.077486 0.037953
0 0.743083 0.641500 0.041563 0.062241
0 0.139384 0.505808 0.057892 0.047359
