0 0.366326 0.015575 0.049289 0.031150
0 0.647734 0.966549 0.056438 0.066902
0 0.409809 0.772311 0.047773 0.044228
0 0.489202 0.745483 0.038774 0.043787
0 0.350900 0.787962 0.045054 0.048596
0 0.181691 0.269271 0.044848 0.076706
0 0.943712 0.080706 0.059540 0.068149
0 0.906922 0.157486 0.061886 0.069629
0 0.479099 0.015932 0.023966 0.031864
0 0.448180 0.018152 0.021287 0.036303
0 0.418574 0.018842 0.017851 0.037685
0 0.466078 0.278510 0.064573 0.062507
0 0.941228 0.199099 0.051538 0.062845
0 0.562865 0.527795 0.042013 0.039109
0 0.543034 0.647121 0.121977 0.135205
0 0.361443 0.639290 0.048232 0.052023
0 0.592131 0.028069 0.045217 0.031916
