0 0.607257 0.485892 0.111122 0.058628
0 0.744124 0.535924 0.081303 0.089014
0 0.853976 0.477010 0.125945 0.088012
0 0.655307 0.358529 0.092540 0.057630
0 0.630870 0.435227 0.091396 0.054249
0 0.793264 0.172295 0.081468 0.096906
0 0.949817 0.131153 0.100365 0.061528
0 0.945590 0.052841 0.100047 0.051854
0 0.470865 0.108338 0.091841 0.016796
0 0.432233 0.143949 0.053721 0.017752
0 0.924567 0.604637 0.070088 0.062892
0 0.469207 0.936931 0.076187 0.044229
0 0.287432 0.827667 0.040484 0.023356
0 0.034232 0.911999 0.022272 0.022840
0 0.063753 0.895383 0.022492 0.030439
0 0.094746 0.879812 0.022221 0.026006
0 0.126783 0.865900 0.042036 0.034989
0 0.152342 0.777941 0.021432 0.029515
0 0.124300 0.777173 0.024288 0.026640
0 0.135010 0.744004 0.023346 0.023130
0 0.100384 0.732980 0.021905 0.023640
0 0.117000 0.712629 0.023476 0.024742
0 0.082663 0.693707 0.022616 0.024313
0 0.099354 0.679289 0.019407 0.022579
0 0.063472 0.663620 0.025965 0.025113
0 0.080363 0.643712 0.023754 0.023049
0 0.055650 0.623524 0.021170 0.023339
0 0.078352 0.613436 0.024724 0.027978
