0 0.396952 0.031386 0.083889 0.062773
0 0.772788 0.786954 0.053139 0.043384
0 0.709263 0.731040 0.042034 0.071503
0 0.213232 0.831508 0.040413 0.072735
0 0.042247 0.839560 0.039285 0.117357
0 0.218848 0.268954 0.033947 0.042423
0 0.734786 0.199524 0.063993 0.066653
0 0.823675 0.836994 0.044639 0.048800
0 0.807655 0.599766 0.024431 0.074663
0 0.910306 0.661912 0.023293 0.046216
0 0.158508 0.846370 0.045498 0.056590
0 0.496836 0.362299 0.092473 0.038840
0 0.361889 0.345550 0.055526 0.078264
0 0.388513 0.146580 0.044622 0.050884
0 0.319113 0.008472 0.041660 0.016943
