0 0.145952 0.236032 0.166477 0.396807
0 0.944602 0.613637 0.056817 0.136364
0 0.949574 0.338778 0.063920 0.069603
0 0.816761 0.161221 0.088069 0.129261
0 0.526278 0.509233 0.086647 0.038353
0 0.605823 0.717330 0.106534 0.025569
0 0.602983 0.691762 0.103694 0.022727
0 0.491477 0.984375 0.039773 0.031250
0 0.109375 0.980824 0.051138 0.038352
0 0.187500 0.278409 0.059659 0.065341
0 0.281250 0.240767 0.034091 0.041194
0 0.797181 0.660795 0.084559 0.072203
0 0.814032 0.608332 0.039830 0.020227
0 0.153799 0.665945 0.064952 0.097453
0 0.681832 0.252945 0.123467 0.125850
0 0.335478 0.198295 0.038603 0.025130
