0 0.411515 0.769847 0.057976 0.065920
0 0.371628 0.920518 0.065935 0.057303
0 0.291702 0.670724 0.041781 0.095329
0 0.255241 0.806309 0.047784 0.048955
0 0.061796 0.499639 0.040883 0.048216
0 0.371667 0.613516 0.059379 0.056609
0 0.514856 0.735852 0.054083 0.055061
0 0.496049 0.586800 0.047729 0.053269
0 0.686040 0.651218 0.059608 0.059382
0 0.643189 0.529433 0.049755 0.055078
0 0.637669 0.340194 0.060949 0.063389
0 0.634817 0.263523 0.068485 0.075340
0 0.617367 0.086363 0.064707 0.067467
0 0.449574 0.257105 0.057329 0.060284
0 0.410322 0.321381 0.046760 0.054425
0 0.707846 0.812293 0.057459 0.052363
0 0.623033 0.851885 0.040727 0.046331
0 0.601084 0.865658 0.046104 0.056544
0 0.904446 0.366418 0.069732 0.056746
0 0.838628 0.765826 0.044925 0.045470
0 0.677958 0.343994 0.045979 0.047274
0 0.797727 0.734749 0.048708 0.059463
0 0.297989 0.265564 0.093679 0.088781
