0 0.209376 0.088897 0.058002 0.072319
0 0.353873 0.022511 0.060310 0.045023
0 0.357892 0.234488 0.067237 0.054295
0 0.382928 0.271880 0.045150 0.019079
0 0.383302 0.301303 0.028685 0.015720
0 0.397992 0.324264 0.074532 0.046850
0 0.070070 0.435450 0.071299 0.060716
0 0.052851 0.627207 0.056401 0.072057
0 0.031098 0.723338 0.062196 0.070096
0 0.322261 0.473507 0.049705 0.057356
0 0.223620 0.269757 0.056965 0.072334
0 0.567572 0.112645 0.034553 0.040467
0 0.655260 0.228047 0.059005 0.043634
0 0.273305 0.554569 0.038958 0.027138
0 0.285462 0.579698 0.037518 0.030712
0 0.246952 0.347683 0.036160 0.019843
0 0.570894 0.652810 0.057929 0.049639
0 0.538285 0.677489 0.039260 0.033494
0 0.840390 0.412825 0.042013 0.057149
0 0.256178 0.371381 0.019800 0.015350
0 0.571777 0.457846 0.033376 0.048367
0 0.190678 0.753495 0.037297 0.015593
0 0.202523 0.774780 0.016889 0.012810
0 0.275829 0.720226 0.019103 0.015250
0 0.278470 0.742358 0.021594 0.017310
0 0.254580 0.713524 0.022157 0.016026
0 0.116221 0.598877 0.051983 0.039058
