0 0.852692 0.269903 0.081021 0.150117
0 0.799455 0.203410 0.041372 0.056125
0 0.089255 0.167748 0.068758 0.045897
0 0.037842 0.207911 0.040843 0.059172
0 0.287879 0.507122 0.040946 0.020698
0 0.288590 0.527440 0.038294 0.021641
0 0.289623 0.549881 0.040920 0.019900
0 0.692128 0.545454 0.039105 0.014952
0 0.680275 0.572997 0.034986 0.018554
0 0.671901 0.603050 0.036702 0.016762
0 0.661376 0.632672 0.040291 0.019581
0 0.501703 0.696453 0.081414 0.070625
0 0.907451 0.467890 0.120512 0.022105
0 0.821842 0.401177 0.037329 0.020067
0 0.832502 0.425393 0.026809 0.020764
0 0.914093 0.495920 0.086479 0.017617
0 0.866072 0.606833 0.103484 0.023791
0 0.813898 0.553348 0.023499 0.018264
0 0.863755 0.646597 0.072245 0.023170
0 0.786909 0.642757 0.050930 0.014441
0 0.860257 0.682740 0.037772 0.015493
0 0.779824 0.482623 0.034148 0.017815
0 0.710588 0.479033 0.046770 0.055873
0 0.777557 0.548534 0.033527 0.052309
0 0.903729 0.351645 0.053008 0.050031
0 0.919613 0.252641 0.060045 0.034014
0 0.080830 0.324999 0.049409 0.038426
0 0.031929 0.328066 0.044961 0.041059
