0 0.802441 0.303569 0.078631 0.061860
0 0.691659 0.234433 0.075588 0.080357
0 0.586083 0.089520 0.068633 0.070346
0 0.688298 0.529132 0.063030 0.085366
0 0.688779 0.646893 0.065038 0.056264
0 0.653576 0.770989 0.044467 0.041262
0 0.620380 0.805324 0.078016 0.049085
0 0.131179 0.563579 0.074271 0.061262
0 0.123644 0.635956 0.057206 0.049462
0 0.295680 0.730297 0.041510 0.025051
0 0.291767 0.755881 0.040627 0.026984
0 0.283139 0.776516 0.042605 0.024876
0 0.022900 0.623954 0.045799 0.032413
0 0.252801 0.258970 0.038762 0.029840
0 0.247123 0.277634 0.044101 0.024124
0 0.239619 0.297258 0.042810 0.026560
0 0.229078 0.318279 0.040281 0.027396
0 0.015152 0.806913 0.030303 0.046247
0 0.146669 0.718936 0.051372 0.053440
0 0.557717 0.913221 0.030289 0.037935
