0 0.591846 0.440347 0.084307 0.069760
0 0.462146 0.454638 0.042965 0.052343
0 0.419123 0.733608 0.074802 0.079894
0 0.106513 0.601693 0.087815 0.106357
0 0.088105 0.366518 0.044728 0.050896
0 0.030672 0.534869 0.061345 0.120288
0 0.119696 0.903984 0.065315 0.086948
0 0.041543 0.868436 0.040763 0.032494
0 0.112253 0.825303 0.038946 0.042335
0 0.420340 0.204603 0.040310 0.115043
0 0.912214 0.760446 0.039504 0.040576
0 0.955496 0.178434 0.043677 0.054307
0 0.641548 0.140724 0.075252 0.018252
0 0.657882 0.062048 0.035609 0.036099
0 0.464388 0.069284 0.059029 0.039647
0 0.074571 0.134746 0.057430 0.093378
