0 0.304101 0.086481 0.117761 0.067803
0 0.236215 0.163277 0.042948 0.055347
0 0.273622 0.212398 0.092825 0.048430
0 0.029094 0.527189 0.058188 0.052581
0 0.175256 0.496056 0.045719 0.031825
0 0.278471 0.493981 0.044333 0.069184
0 0.403159 0.547945 0.105294 0.110694
0 0.162788 0.894562 0.092825 0.089939
0 0.619285 0.505742 0.144083 0.089941
0 0.776531 0.536877 0.062344 0.038744
0 0.768219 0.583921 0.070656 0.035977
0 0.942089 0.639270 0.069272 0.105161
0 0.935162 0.460080 0.066502 0.062266
0 0.829870 0.332780 0.060958 0.056731
0 0.769604 0.401965 0.084511 0.040127
0 0.486284 0.400581 0.030478 0.051197
0 0.468966 0.573543 0.034636 0.042895
0 0.467580 0.527190 0.034636 0.041511
0 0.462831 0.447266 0.060562 0.030845
0 0.459269 0.422353 0.053437 0.022541
0 0.477081 0.485526 0.029687 0.036183
0 0.436705 0.476331 0.060564 0.028472
