0 0.505955 0.010138 0.049524 0.020275
0 0.901880 0.139011 0.031784 0.046839
0 0.937514 0.833425 0.063947 0.064184
0 0.947984 0.910306 0.020470 0.037910
0 0.904090 0.909301 0.027543 0.050285
0 0.861370 0.575145 0.030093 0.076357
0 0.824728 0.574059 0.022165 0.114159
0 0.789575 0.564235 0.025961 0.107177
0 0.152305 0.736394 0.107743 0.056969
0 0.099438 0.579446 0.026861 0.051172
0 0.059907 0.585693 0.027549 0.046857
0 0.054733 0.649100 0.018261 0.034785
0 0.061331 0.698120 0.018604 0.048465
0 0.072423 0.808139 0.024795 0.062389
0 0.082166 0.977020 0.016961 0.045959
0 0.017245 0.583819 0.026246 0.052822
0 0.634562 0.123252 0.016850 0.054997
