0 0.157124 0.701607 0.042612 0.048808
0 0.327525 0.847197 0.040232 0.042114
0 0.446836 0.675662 0.056865 0.035699
0 0.434703 0.209750 0.035271 0.048608
0 0.694564 0.015416 0.045510 0.030832
0 0.838743 0.221586 0.035980 0.044861
0 0.664003 0.305370 0.040053 0.052484
0 0.853560 0.858879 0.031399 0.037645
0 0.931338 0.814191 0.043561 0.042953
0 0.859962 0.586535 0.018923 0.049083
0 0.878664 0.586889 0.013041 0.048913
0 0.901494 0.585569 0.011782 0.042955
0 0.942722 0.602279 0.014532 0.042042
0 0.961303 0.602215 0.016355 0.033648
0 0.434062 0.416180 0.039714 0.037887
0 0.471188 0.931046 0.043271 0.057547
0 0.318979 0.427068 0.044277 0.051806
