0 0.259878 0.233631 0.074236 0.076492
0 0.430908 0.039077 0.088045 0.073823
0 0.036244 0.074190 0.072487 0.067692
0 0.344958 0.584591 0.051559 0.070453
0 0.439694 0.961459 0.097304 0.077083
0 0.106509 0.813096 0.059831 0.052765
0 0.117945 0.769036 0.058462 0.049817
0 0.025326 0.765221 0.034088 0.052039
0 0.269680 0.639928 0.044384 0.112959
0 0.399453 0.723303 0.057939 0.056827
0 0.591198 0.932021 0.055799 0.087939
0 0.603195 0.858805 0.033848 0.039695
0 0.510314 0.796627 0.036021 0.064622
0 0.661424 0.797607 0.032264 0.064914
0 0.774736 0.736300 0.056884 0.070547
0 0.728097 0.776640 0.067094 0.094849
0 0.404971 0.177065 0.046820 0.067577
0 0.502174 0.042650 0.052125 0.076250
0 0.521347 0.023259 0.039472 0.046518
0 0.886849 0.131044 0.071175 0.057636
0 0.896912 0.011716 0.049169 0.023432
0 0.798696 0.382294 0.064270 0.067496
0 0.950207 0.634327 0.051030 0.057629
0 0.504525 0.456628 0.048817 0.047885
