0 0.135069 0.419674 0.076874 0.081590
0 0.468656 0.041939 0.086403 0.075516
0 0.780540 0.074671 0.063285 0.059674
0 0.888788 0.175979 0.064368 0.063892
0 0.573376 0.583548 0.149546 0.061519
0 0.524515 0.629098 0.067099 0.039082
0 0.514489 0.682488 0.076966 0.032286
0 0.902291 0.641244 0.094834 0.082009
0 0.954780 0.707695 0.041078 0.073604
0 0.358255 0.680243 0.106027 0.047177
0 0.444611 0.598829 0.040365 0.026944
0 0.357178 0.589891 0.031514 0.032127
0 0.317290 0.631878 0.036455 0.026492
0 0.453244 0.637770 0.023297 0.023149
0 0.438954 0.664000 0.046428 0.023500
0 0.360162 0.651416 0.042310 0.023324
