0 0.439090 0.628296 0.081685 0.053338
0 0.518988 0.691897 0.052832 0.085323
0 0.522737 0.827589 0.035387 0.076283
0 0.040798 0.746293 0.056864 0.066008
0 0.314847 0.228168 0.054688 0.092545
0 0.110271 0.107010 0.041735 0.049727
0 0.553025 0.279471 0.055826 0.048986
0 0.738341 0.253218 0.057927 0.048332
0 0.802088 0.084498 0.051545 0.066511
0 0.594616 0.029035 0.089644 0.053507
0 0.929283 0.303239 0.049695 0.054291
0 0.841574 0.383471 0.072067 0.054889
0 0.944183 0.538771 0.042475 0.047824
0 0.176937 0.605600 0.028558 0.069251
