0 0.764903 0.059702 0.065609 0.068894
0 0.755255 0.141068 0.067094 0.057017
0 0.718442 0.266384 0.042156 0.039198
0 0.648379 0.443370 0.061158 0.053450
0 0.097078 0.122480 0.068875 0.056664
0 0.227556 0.285984 0.056109 0.039198
0 0.222658 0.579445 0.078969 0.069945
0 0.371096 0.500164 0.074220 0.018259
0 0.223845 0.751018 0.045720 0.043948
0 0.304002 0.662525 0.040969 0.022569
0 0.345268 0.586567 0.036814 0.020066
0 0.372580 0.085377 0.106877 0.097128
0 0.753028 0.664604 0.063234 0.046920
0 0.714583 0.631345 0.065313 0.046920
0 0.906217 0.658071 0.063234 0.049295
0 0.751247 0.815162 0.059672 0.042761
0 0.966066 0.869504 0.065373 0.032664
0 0.973637 0.816348 0.050231 0.034447
0 0.972747 0.951167 0.052013 0.048700
0 0.873114 0.990105 0.081938 0.017295
0 0.984325 0.449309 0.028856 0.068894
0 0.618395 0.108403 0.034438 0.022569
0 0.627301 0.134534 0.039189 0.022569
