0 0.136266 0.151991 0.065314 0.072114
0 0.263923 0.054288 0.062937 0.059909
0 0.309345 0.266348 0.068281 0.060505
0 0.340220 0.298380 0.043344 0.027284
0 0.346604 0.326259 0.027017 0.018981
0 0.366346 0.346723 0.069470 0.057537
0 0.065609 0.518448 0.071250 0.067623
0 0.084907 0.710043 0.064720 0.072367
0 0.077930 0.809993 0.073923 0.075333
0 0.320330 0.506810 0.052250 0.057680
0 0.185252 0.326946 0.064719 0.065436
0 0.492370 0.107080 0.037109 0.043302
0 0.600434 0.203175 0.057298 0.051606
0 0.287822 0.596747 0.037703 0.032031
0 0.304299 0.619287 0.036814 0.034403
0 0.222360 0.398627 0.036814 0.026100
0 0.599098 0.635600 0.058783 0.051606
0 0.570894 0.666944 0.039188 0.036372
0 0.817302 0.349689 0.033252 0.052794
0 0.237205 0.419980 0.020188 0.017795
0 0.562582 0.444979 0.039189 0.046098
0 0.245072 0.807324 0.037703 0.021355
0 0.259322 0.826009 0.016328 0.014830
0 0.323152 0.759909 0.019297 0.014156
0 0.328494 0.779741 0.019297 0.016017
0 0.299845 0.756311 0.024344 0.018981
0 0.142352 0.669411 0.057298 0.045675
