0 0.550264 0.194560 0.150341 0.075309
0 0.541320 0.220583 0.149352 0.077182
0 0.529183 0.245003 0.151516 0.074728
0 0.522748 0.271540 0.144922 0.073012
0 0.513977 0.295788 0.155029 0.075955
0 0.500879 0.317233 0.155352 0.077101
0 0.492387 0.342416 0.144582 0.077298
0 0.480181 0.365105 0.141903 0.074935
0 0.473697 0.386054 0.146145 0.071324
0 0.227856 0.103749 0.082144 0.142988
0 0.094271 0.084188 0.066510 0.070445
0 0.477058 0.110359 0.089789 0.145368
0 0.798899 0.319279 0.104295 0.118824
0 0.852574 0.078915 0.058439 0.043662
0 0.941905 0.129333 0.045308 0.035190
