0 0.441100 0.076054 0.042286 0.037947
0 0.261545 0.220363 0.046125 0.047243
0 0.284027 0.292285 0.043465 0.068765
0 0.060175 0.168291 0.030199 0.059808
0 0.009203 0.584317 0.018407 0.052415
0 0.187469 0.881457 0.041410 0.040884
0 0.246301 0.784327 0.040926 0.035834
0 0.456610 0.854019 0.041653 0.061026
0 0.616429 0.854829 0.068919 0.073564
0 0.687538 0.562723 0.046228 0.042292
0 0.667866 0.481658 0.051549 0.064956
0 0.650589 0.334631 0.034979 0.040053
0 0.604798 0.251781 0.045139 0.031996
0 0.542797 0.175051 0.041998 0.044005
0 0.360385 0.634889 0.043805 0.035083
0 0.506074 0.328195 0.029002 0.038944
