0 0.204990 0.093075 0.060469 0.103822
0 0.247942 0.568433 0.055805 0.097841
0 0.310718 0.549646 0.066647 0.100309
0 0.028588 0.523211 0.021699 0.048734
0 0.048736 0.590016 0.027532 0.046668
0 0.022091 0.680800 0.025271 0.064702
0 0.067204 0.747052 0.034348 0.068392
0 0.029993 0.757311 0.024720 0.066697
0 0.039772 0.928923 0.024888 0.052276
0 0.429669 0.988531 0.023829 0.022938
0 0.394385 0.878599 0.022212 0.078502
0 0.433380 0.870344 0.024141 0.066024
0 0.463880 0.875588 0.022067 0.043240
0 0.397012 0.724342 0.020761 0.034301
