0 0.453472 0.634138 0.084498 0.042921
0 0.445117 0.532818 0.070946 0.040963
0 0.365003 0.560531 0.096016 0.039827
0 0.060809 0.352664 0.059045 0.039558
0 0.089329 0.264974 0.049005 0.049940
0 0.401311 0.275579 0.047154 0.076494
0 0.661007 0.301181 0.053678 0.063770
0 0.729572 0.581162 0.073499 0.047258
0 0.607929 0.610137 0.044462 0.043500
0 0.724394 0.799971 0.119900 0.078573
0 0.898834 0.944386 0.063378 0.074551
0 0.819409 0.576769 0.067440 0.049257
0 0.910110 0.645885 0.063141 0.048523
0 0.742056 0.690361 0.049005 0.046422
0 0.864377 0.738178 0.063380 0.037587
0 0.463724 0.357087 0.078077 0.019245
0 0.142608 0.717723 0.052989 0.062417
0 0.334979 0.791080 0.045326 0.041773
0 0.374836 0.962958 0.036011 0.050149
0 0.615919 0.760953 0.038756 0.044663
0 0.874442 0.193293 0.034117 0.018834
0 0.848535 0.168464 0.083029 0.035222
0 0.391276 0.004460 0.039192 0.008920
0 0.215068 0.466560 0.073982 0.027768
0 0.022767 0.412243 0.029720 0.017681
0 0.094396 0.465698 0.067479 0.057799
0 0.006884 0.554670 0.013767 0.021699
0 0.141006 0.879664 0.080311 0.033601
0 0.125450 0.848174 0.036214 0.019279
0 0.616993 0.500230 0.064503 0.093089
