0 0.645310 0.968051 0.050464 0.051524
0 0.153641 0.677302 0.043562 0.040533
0 0.186770 0.607463 0.062806 0.092408
0 0.869911 0.497027 0.050162 0.098802
0 0.579049 0.337185 0.042956 0.050815
0 0.477554 0.298898 0.047899 0.054672
0 0.655425 0.177547 0.064655 0.065662
0 0.591621 0.052145 0.049208 0.050140
0 0.372722 0.062413 0.068215 0.062034
0 0.723983 0.938568 0.047994 0.052391
0 0.726028 0.848300 0.038498 0.061359
0 0.968671 0.170193 0.054261 0.073027
0 0.176738 0.417973 0.051432 0.049819
0 0.517544 0.726037 0.057408 0.070129
0 0.494644 0.707265 0.039906 0.037026
