0 0.324002 0.154370 0.056330 0.055920
0 0.285027 0.298704 0.050306 0.046411
0 0.692209 0.061502 0.053138 0.036428
0 0.619816 0.192974 0.093983 0.067720
0 0.692218 0.242060 0.061895 0.061204
0 0.525582 0.316029 0.059271 0.067113
0 0.652524 0.465102 0.042716 0.055868
0 0.946741 0.973497 0.072559 0.053007
0 0.877164 0.982313 0.077338 0.035373
0 0.617957 0.883841 0.063944 0.064739
0 0.404514 0.738428 0.072456 0.066918
0 0.523353 0.476063 0.038596 0.034627
0 0.921330 0.900682 0.127072 0.097106
0 0.132068 0.200110 0.113733 0.115313
