0 0.310716 0.612277 0.093261 0.069586
0 0.101870 0.520100 0.078918 0.058680
0 0.017898 0.554847 0.030291 0.026387
0 0.961110 0.100681 0.038803 0.029303
0 0.967303 0.005996 0.007837 0.011992
0 0.817084 0.469378 0.040476 0.042102
0 0.028374 0.597287 0.033488 0.032141
0 0.325779 0.722047 0.096788 0.104073
0 0.957889 0.059709 0.036666 0.032450
0 0.637011 0.147384 0.037257 0.020040
0 0.631321 0.123018 0.034290 0.015834
0 0.626258 0.100602 0.033828 0.013462
0 0.623883 0.076501 0.033747 0.017079
0 0.034344 0.697811 0.046985 0.016587
0 0.026096 0.730072 0.027724 0.014729
0 0.035418 0.761776 0.043016 0.014162
0 0.037350 0.794876 0.042504 0.014414
