0 0.086284 0.213246 0.069521 0.069972
0 0.196641 0.096938 0.063369 0.061680
0 0.274764 0.298864 0.067268 0.063940
0 0.310494 0.325625 0.042504 0.033265
0 0.321653 0.352279 0.028046 0.022742
0 0.344060 0.369333 0.063419 0.064724
0 0.073843 0.585988 0.069259 0.071435
0 0.122551 0.772206 0.069770 0.070641
0 0.130744 0.872551 0.075786 0.077564
0 0.323665 0.533927 0.052906 0.056366
0 0.162411 0.378570 0.069304 0.057989
0 0.430925 0.113274 0.038190 0.044440
0 0.552735 0.190909 0.054331 0.056730
0 0.305532 0.628678 0.035643 0.035166
0 0.325100 0.648480 0.035229 0.036487
0 0.209818 0.443168 0.036380 0.030516
0 0.619508 0.617778 0.057874 0.051807
0 0.595688 0.653729 0.038056 0.037735
0 0.789002 0.300675 0.035821 0.053717
0 0.228121 0.462355 0.021397 0.019991
0 0.553330 0.435936 0.042882 0.042977
0 0.296570 0.843490 0.038157 0.026386
0 0.313498 0.859297 0.017463 0.016505
0 0.365802 0.785516 0.020903 0.014625
0 0.373236 0.802810 0.018816 0.018206
0 0.342435 0.784373 0.025470 0.020884
0 0.173567 0.722600 0.060088 0.049850
