0 0.040481 0.354124 0.077966 0.067695
0 0.069612 0.591482 0.080186 0.074453
0 0.115708 0.712336 0.072990 0.077173
0 0.161761 0.094776 0.087384 0.053392
0 0.381190 0.253842 0.047723 0.055706
0 0.381761 0.382705 0.093936 0.068878
0 0.381071 0.502636 0.062328 0.063887
0 0.505670 0.497853 0.049777 0.068286
0 0.508721 0.188220 0.051552 0.066431
0 0.663850 0.183620 0.073303 0.050716
0 0.648001 0.063158 0.040190 0.049576
0 0.817385 0.150880 0.041159 0.056244
0 0.697710 0.450854 0.059642 0.045706
0 0.864870 0.347644 0.024928 0.027959
0 0.837188 0.353236 0.037486 0.052322
