0 0.236347 0.135568 0.139122 0.123104
0 0.826201 0.801899 0.131190 0.089338
0 0.808215 0.951457 0.072078 0.068096
0 0.561964 0.947526 0.075267 0.053585
0 0.710368 0.888099 0.067396 0.064751
0 0.845042 0.715487 0.080568 0.068907
0 0.071952 0.805458 0.115531 0.102474
0 0.048094 0.696862 0.077377 0.062389
0 0.277504 0.632857 0.085690 0.056419
0 0.314368 0.719515 0.076773 0.039733
0 0.692394 0.661004 0.039320 0.026277
0 0.823170 0.642745 0.073931 0.033167
0 0.681510 0.632529 0.039320 0.023265
0 0.676897 0.608510 0.038819 0.022306
0 0.678402 0.585645 0.021718 0.016985
0 0.007704 0.240231 0.015407 0.042598
0 0.387373 0.012608 0.049421 0.014795
0 0.575316 0.023811 0.033401 0.040902
