0 0.495624 0.643634 0.073608 0.056296
0 0.540584 0.548815 0.072103 0.053108
0 0.602455 0.604262 0.093225 0.070337
0 0.963869 0.518685 0.061699 0.049678
0 0.967646 0.427490 0.038054 0.040380
0 0.672957 0.322449 0.070123 0.081506
0 0.420263 0.257316 0.050069 0.057635
0 0.256298 0.495388 0.065923 0.035609
0 0.360542 0.565348 0.037979 0.040667
0 0.182780 0.698565 0.114548 0.042344
0 0.174312 0.455209 0.057280 0.042869
0 0.063599 0.489930 0.058372 0.040912
0 0.205863 0.591011 0.038054 0.038007
0 0.075592 0.590449 0.051665 0.045455
0 0.583639 0.381405 0.076903 0.039088
0 0.755126 0.830387 0.036641 0.056939
0 0.549366 0.828260 0.041303 0.039148
0 0.453022 0.974034 0.047428 0.051932
0 0.298243 0.701967 0.028485 0.037388
0 0.259445 0.081850 0.029935 0.017294
0 0.291111 0.065500 0.083782 0.025647
0 0.779586 0.068301 0.040272 0.032418
0 0.778006 0.569208 0.074050 0.025583
0 0.977823 0.590722 0.027404 0.019254
0 0.890501 0.613467 0.058195 0.044217
0 0.950594 0.727784 0.030250 0.019629
0 0.947222 0.759140 0.021514 0.018883
0 0.697738 0.983086 0.078663 0.026244
0 0.722630 0.957703 0.035795 0.022762
0 0.391546 0.459844 0.057437 0.090097
