0 0.576880 0.029673 0.048098 0.051675
0 0.088607 0.016808 0.021750 0.033617
0 0.154904 0.301396 0.069903 0.078637
0 0.070300 0.257328 0.071105 0.087707
0 0.098537 0.507907 0.088660 0.113784
0 0.062556 0.383606 0.072310 0.109141
0 0.345357 0.887012 0.076555 0.068520
0 0.405324 0.934311 0.064670 0.112456
0 0.568955 0.948205 0.090260 0.066993
0 0.810315 0.929624 0.099721 0.117320
0 0.829655 0.613703 0.051785 0.071660
0 0.813951 0.533495 0.051788 0.073994
0 0.907465 0.417095 0.087779 0.098708
0 0.720495 0.400631 0.045214 0.070142
0 0.494355 0.578029 0.047298 0.084824
0 0.454317 0.564963 0.036157 0.072955
0 0.492667 0.648650 0.039440 0.043893
0 0.449622 0.641081 0.024210 0.033714
0 0.816617 0.803761 0.068184 0.082954
0 0.208377 0.131416 0.064400 0.086150
