0 0.944295 0.522560 0.031429 0.053916
0 0.396234 0.886229 0.040797 0.071691
0 0.291482 0.883510 0.048786 0.070588
0 0.721170 0.126660 0.041718 0.051664
0 0.742336 0.201619 0.039759 0.024850
0 0.356668 0.874090 0.025608 0.039334
0 0.552025 0.676818 0.019155 0.040103
0 0.530719 0.673968 0.019459 0.036962
0 0.509010 0.672925 0.019994 0.020432
0 0.211514 0.687603 0.029135 0.055290
0 0.148168 0.694628 0.024155 0.057528
0 0.191909 0.936450 0.027320 0.026351
0 0.111877 0.884413 0.034543 0.051788
0 0.192864 0.906008 0.016535 0.013164
0 0.216124 0.886048 0.016129 0.020844
0 0.149163 0.900286 0.021375 0.022732
0 0.994271 0.352450 0.011458 0.017999
0 0.990442 0.322031 0.019116 0.023055
0 0.989733 0.292466 0.020535 0.021694
0 0.964160 0.330943 0.023399 0.032653
