0 0.640136 0.030866 0.094056 0.035627
0 0.531695 0.244435 0.070163 0.051872
0 0.639666 0.623302 0.063076 0.080562
0 0.942555 0.743503 0.049441 0.043016
0 0.856658 0.719064 0.045019 0.062436
0 0.765900 0.594317 0.044631 0.044651
0 0.680753 0.804078 0.048145 0.045098
0 0.722683 0.847606 0.054480 0.040858
0 0.809083 0.826589 0.079181 0.032637
0 0.910245 0.852064 0.071159 0.030505
0 0.405325 0.946133 0.057164 0.058072
0 0.325158 0.860257 0.056511 0.063200
0 0.389660 0.780462 0.045263 0.052534
0 0.286094 0.767248 0.057923 0.059095
0 0.319783 0.567586 0.055926 0.057631
0 0.179159 0.777404 0.069131 0.084532
0 0.775648 0.863769 0.036398 0.042518
0 0.621705 0.177156 0.073745 0.026341
0 0.327098 0.076459 0.029029 0.028864
0 0.338475 0.051411 0.029038 0.029758
0 0.086257 0.598880 0.091325 0.061639
0 0.810479 0.493641 0.047497 0.048987
0 0.631201 0.404731 0.039449 0.041815
0 0.164654 0.700874 0.071441 0.050086
0 0.202916 0.732554 0.024777 0.020849
0 0.193138 0.273621 0.023647 0.019507
0 0.201191 0.246129 0.023455 0.020055
0 0.461217 0.754800 0.059191 0.072588
