0 0.905317 0.843975 0.039726 0.036474
0 0.839979 0.939835 0.033128 0.028770
0 0.301383 0.959304 0.066639 0.019563
0 0.914205 0.554889 0.065580 0.027300
0 0.801877 0.385872 0.064098 0.055607
0 0.422943 0.500043 0.096467 0.049615
0 0.935637 0.173380 0.042072 0.038931
0 0.871620 0.195034 0.070705 0.040616
0 0.609474 0.222453 0.044656 0.035065
0 0.646795 0.082422 0.123512 0.081593
0 0.021861 0.124267 0.043722 0.042592
0 0.243489 0.380766 0.059754 0.018340
0 0.016143 0.573102 0.024581 0.040189
0 0.248299 0.567919 0.079769 0.025948
0 0.025806 0.350940 0.034706 0.032738
0 0.026739 0.401881 0.040528 0.040153
0 0.227660 0.256442 0.101691 0.045257
0 0.856384 0.280712 0.037597 0.017959
0 0.227384 0.117797 0.094325 0.016376
