0 0.310533 0.247972 0.105094 0.086713
0 0.308752 0.355866 0.078970 0.060978
0 0.552042 0.409309 0.099453 0.036050
0 0.575644 0.268759 0.098562 0.041575
0 0.737442 0.159182 0.065906 0.093245
0 0.735364 0.255694 0.068875 0.054641
0 0.521613 0.088209 0.030875 0.036822
0 0.234533 0.055680 0.065906 0.041298
0 0.166548 0.126517 0.060563 0.068300
0 0.289455 0.111966 0.045125 0.041575
0 0.262142 0.632146 0.078375 0.052442
0 0.534676 0.495120 0.068877 0.065172
0 0.849661 0.419910 0.065906 0.040980
0 0.856787 0.550275 0.075408 0.034447
0 0.675395 0.989511 0.048686 0.018484
0 0.556051 0.901895 0.051064 0.041528
0 0.545362 0.985057 0.051063 0.027392
0 0.017070 0.693705 0.034141 0.064738
0 0.625074 0.636747 0.067389 0.017109
0 0.626262 0.660351 0.066205 0.016227
0 0.364862 0.638769 0.080752 0.035634
0 0.567034 0.655101 0.044531 0.051670
0 0.473519 0.645895 0.068875 0.015441
0 0.383714 0.513530 0.040672 0.066366
0 0.013656 0.377149 0.024344 0.035042
0 0.984325 0.491477 0.028856 0.061767
0 0.980762 0.266977 0.035981 0.047514
