0 0.645876 0.959519 0.067695 0.077966
0 0.408518 0.930388 0.074453 0.080186
0 0.287664 0.884292 0.077173 0.072990
0 0.905224 0.838239 0.053392 0.087384
0 0.746158 0.618810 0.055706 0.047723
0 0.617295 0.618239 0.068878 0.093936
0 0.497364 0.618929 0.063887 0.062328
0 0.502147 0.494330 0.068286 0.049777
0 0.811780 0.491279 0.066431 0.051552
0 0.816380 0.336150 0.050716 0.073303
0 0.936842 0.351999 0.049576 0.040190
0 0.849120 0.182615 0.056244 0.041159
0 0.549146 0.302290 0.045706 0.059642
0 0.652356 0.135130 0.027959 0.024928
0 0.646764 0.162812 0.052322 0.037486
