0 0.274593 0.952844 0.053607 0.045632
0 0.736160 0.067223 0.068657 0.075997
0 0.463534 0.215586 0.050890 0.049071
0 0.537299 0.256810 0.043385 0.045914
0 0.407954 0.189016 0.048875 0.052609
0 0.143616 0.665962 0.055023 0.075271
0 0.849312 0.979878 0.036409 0.040245
0 0.834640 0.914210 0.060347 0.063784
0 0.386485 0.971180 0.029505 0.035212
0 0.356377 0.964360 0.027783 0.041257
0 0.329462 0.958019 0.021193 0.042876
0 0.424177 0.710013 0.058076 0.061077
0 0.875919 0.878750 0.041464 0.058012
0 0.566837 0.484293 0.044440 0.043202
0 0.570684 0.363246 0.136271 0.144840
0 0.390728 0.337010 0.049076 0.052154
0 0.500380 0.983662 0.041358 0.030122
