0 0.694377 0.344470 0.053616 0.056794
0 0.361508 0.041525 0.015461 0.057630
0 0.358479 0.108215 0.017109 0.055938
0 0.398502 0.024821 0.016211 0.043509
0 0.692289 0.057117 0.014741 0.057096
0 0.720086 0.054870 0.021524 0.058932
0 0.765508 0.209533 0.038153 0.041311
0 0.949071 0.120700 0.038073 0.040414
0 0.728907 0.691601 0.059086 0.105019
0 0.843399 0.545008 0.021498 0.069920
0 0.834210 0.666928 0.028006 0.055702
0 0.878243 0.655343 0.030547 0.040050
0 0.779134 0.835986 0.058718 0.048150
0 0.858161 0.900866 0.063503 0.041561
0 0.687013 0.990585 0.016221 0.018831
0 0.719709 0.989828 0.017695 0.020345
0 0.524284 0.841816 0.020833 0.059880
