0 0.943474 0.708982 0.050472 0.052316
0 0.731929 0.577485 0.060338 0.068586
0 0.779369 0.456246 0.041439 0.045402
0 0.764030 0.366421 0.072248 0.085607
0 0.728854 0.341119 0.058505 0.069960
0 0.699922 0.277570 0.068118 0.070821
0 0.797330 0.042671 0.052366 0.053718
0 0.339938 0.135965 0.077413 0.079835
0 0.378689 0.181766 0.046277 0.050218
0 0.311800 0.335543 0.074043 0.070856
0 0.197387 0.319407 0.048820 0.050779
0 0.119763 0.693685 0.047587 0.063703
0 0.551641 0.927947 0.132978 0.113199
0 0.535975 0.519493 0.057387 0.052315
0 0.613371 0.562272 0.058018 0.060330
0 0.425006 0.407285 0.066533 0.059535
