0 0.787928 0.717186 0.077552 0.057500
0 0.672733 0.778183 0.072898 0.076594
0 0.557166 0.915265 0.066879 0.068896
0 0.689969 0.484014 0.059154 0.083272
0 0.698627 0.366495 0.063886 0.052909
0 0.672268 0.240145 0.043294 0.039137
0 0.641326 0.203735 0.077989 0.044547
0 0.136296 0.410933 0.071941 0.056604
0 0.133934 0.338190 0.056086 0.046225
0 0.312236 0.255927 0.041068 0.022975
0 0.310051 0.230154 0.040179 0.024838
0 0.302971 0.209095 0.042212 0.022588
0 0.027718 0.343898 0.055435 0.031110
0 0.236364 0.723167 0.038797 0.027756
0 0.232252 0.703989 0.043708 0.021915
0 0.225958 0.684032 0.042762 0.024327
0 0.216950 0.662332 0.040005 0.025043
0 0.030494 0.160728 0.041499 0.046818
0 0.162608 0.257007 0.049288 0.051196
0 0.586453 0.091756 0.028591 0.036875
