0 0.963503 0.179988 0.072993 0.056949
0 0.815553 0.224819 0.067216 0.053857
0 0.805147 0.158176 0.052433 0.044735
0 0.927838 0.593281 0.039418 0.059785
0 0.981647 0.851617 0.025334 0.043007
0 0.686205 0.926252 0.043686 0.051797
0 0.620240 0.949751 0.042245 0.036953
0 0.622771 0.778838 0.052209 0.066826
0 0.476631 0.691923 0.063206 0.049778
0 0.626079 0.085976 0.053319 0.067186
0 0.614889 0.230587 0.051456 0.066968
0 0.562340 0.119625 0.050176 0.065939
0 0.440231 0.113059 0.040028 0.046434
0 0.347237 0.192442 0.057176 0.048204
0 0.141806 0.020181 0.059015 0.040363
0 0.045047 0.796125 0.053931 0.058474
0 0.216253 0.708178 0.044779 0.043070
0 0.303971 0.889335 0.043278 0.049619
0 0.361931 0.860395 0.043514 0.040497
0 0.909253 0.198876 0.023113 0.040228
0 0.019772 0.476338 0.036364 0.048171
0 0.201876 0.102165 0.051742 0.056751
0 0.213125 0.080443 0.046659 0.054468
