0 0.548148 0.363672 0.134087 0.136384
0 0.971159 0.251634 0.049392 0.047101
0 0.481154 0.523237 0.083370 0.085777
0 0.623681 0.668575 0.051258 0.048719
0 0.342141 0.868773 0.068051 0.043320
0 0.527798 0.759287 0.057990 0.051212
0 0.057693 0.737292 0.051251 0.062710
0 0.244893 0.877095 0.064460 0.042130
0 0.466141 0.365792 0.017894 0.016898
0 0.431812 0.401605 0.040746 0.035221
0 0.448002 0.433366 0.036232 0.027378
0 0.403406 0.423513 0.021678 0.018607
0 0.471912 0.462742 0.020643 0.019943
0 0.316328 0.544809 0.038302 0.021726
0 0.766589 0.800134 0.064070 0.030885
0 0.410330 0.702608 0.018460 0.017424
0 0.407188 0.678352 0.016538 0.016790
0 0.409120 0.654364 0.014962 0.013780
0 0.762677 0.777437 0.032994 0.014242
0 0.360594 0.958880 0.041843 0.054895
