0 0.684700 0.665634 0.053665 0.059234
0 0.337675 0.950579 0.018158 0.058194
0 0.338545 0.883417 0.019009 0.055907
0 0.372870 0.968799 0.016662 0.043435
0 0.668811 0.952297 0.017638 0.057604
0 0.696367 0.955619 0.024336 0.058564
0 0.748957 0.804059 0.037911 0.043063
0 0.928479 0.901440 0.039885 0.040261
0 0.739463 0.320641 0.055194 0.107968
0 0.845341 0.472730 0.017924 0.070357
0 0.841048 0.350518 0.028001 0.056365
0 0.885403 0.363890 0.029936 0.040041
0 0.796960 0.179852 0.058247 0.049619
0 0.878565 0.117818 0.065420 0.043466
0 0.713572 0.014780 0.019225 0.029560
0 0.745072 0.016482 0.018551 0.032964
0 0.542023 0.159531 0.023703 0.059493
