0 0.637621 0.594946 0.059429 0.047015
0 0.322379 0.481703 0.064785 0.067138
0 0.081688 0.391054 0.064341 0.051061
0 0.227539 0.078555 0.054863 0.093729
0 0.897965 0.751119 0.074588 0.021040
0 0.974741 0.841636 0.050519 0.061727
0 0.965303 0.790648 0.022935 0.017225
0 0.973938 0.766891 0.019275 0.015552
0 0.815032 0.673751 0.071696 0.029837
0 0.794913 0.709073 0.062011 0.023356
0 0.636521 0.950221 0.041091 0.058377
0 0.687972 0.960348 0.042249 0.057463
0 0.574850 0.702060 0.055958 0.051091
0 0.475236 0.536600 0.048009 0.062322
0 0.434584 0.298100 0.028560 0.040685
0 0.428826 0.179987 0.039067 0.017166
0 0.443192 0.205330 0.025462 0.015970
0 0.504279 0.859900 0.047928 0.064161
