0 0.591913 0.891210 0.046792 0.052086
0 0.751406 0.900336 0.075882 0.078646
0 0.657450 0.559934 0.057437 0.062370
0 0.908188 0.450390 0.046218 0.055577
0 0.637305 0.230248 0.057316 0.076234
0 0.564420 0.367769 0.076751 0.081264
0 0.443424 0.793106 0.025762 0.074195
0 0.140698 0.703979 0.054685 0.049439
0 0.134174 0.769883 0.035498 0.046130
0 0.329234 0.687988 0.039535 0.035942
0 0.361540 0.731384 0.028917 0.040938
0 0.250683 0.727948 0.035003 0.034519
0 0.082594 0.565126 0.042708 0.050374
0 0.096657 0.821775 0.038957 0.044432
