0 0.022382 0.448682 0.044764 0.090970
0 0.178287 0.255874 0.043677 0.041066
0 0.283634 0.125308 0.069099 0.058630
0 0.905329 0.955345 0.037533 0.046469
0 0.723812 0.606354 0.041524 0.034750
0 0.728264 0.569765 0.042460 0.037535
0 0.837458 0.446764 0.028033 0.042855
0 0.808558 0.438765 0.030370 0.039374
0 0.947885 0.430096 0.032434 0.041687
0 0.924272 0.410159 0.034441 0.053062
0 0.824646 0.123660 0.022550 0.036407
0 0.805010 0.117950 0.023102 0.038026
0 0.493882 0.095354 0.040350 0.043679
0 0.387704 0.168304 0.040619 0.059466
0 0.430753 0.107292 0.015868 0.025335
