0 0.452164 0.705618 0.068068 0.058341
0 0.401574 0.876718 0.056849 0.082349
0 0.259233 0.675226 0.063231 0.056113
0 0.073723 0.737214 0.044487 0.081601
0 0.361969 0.216871 0.026942 0.099020
0 0.330935 0.294733 0.062094 0.046019
0 0.411924 0.324498 0.058183 0.058518
0 0.958700 0.297783 0.038536 0.048573
0 0.893501 0.368095 0.038630 0.060957
0 0.528974 0.621830 0.060774 0.048915
0 0.839428 0.223819 0.047888 0.048521
0 0.784253 0.092373 0.063281 0.058475
0 0.893569 0.069706 0.048109 0.067611
0 0.987323 0.858875 0.021741 0.074147
0 0.271728 0.825206 0.025585 0.025829
0 0.277169 0.851531 0.028623 0.024131
