0 0.971090 0.831209 0.057821 0.081317
0 0.955018 0.645340 0.070770 0.059128
0 0.861147 0.764866 0.048053 0.047005
0 0.928033 0.929530 0.120255 0.060692
0 0.991573 0.930142 0.016853 0.022244
0 0.460417 0.943467 0.046788 0.048002
0 0.087438 0.895129 0.031538 0.033953
0 0.068697 0.907399 0.032663 0.036949
0 0.141664 0.619638 0.066708 0.094936
0 0.235792 0.583696 0.047401 0.044090
0 0.242070 0.639536 0.076326 0.047289
0 0.278341 0.632134 0.058300 0.038627
0 0.016601 0.499284 0.033203 0.059508
0 0.299046 0.242754 0.051657 0.054396
0 0.285183 0.135549 0.043394 0.050251
0 0.929547 0.201713 0.079761 0.068992
0 0.394387 0.636300 0.052956 0.036950
0 0.907854 0.721045 0.095142 0.098334
0 0.432917 0.984245 0.079264 0.031510
