0 0.920006 0.862596 0.072707 0.071827
0 0.935182 0.415708 0.060793 0.058941
0 0.757739 0.844632 0.064581 0.066135
0 0.680055 0.901432 0.052218 0.050660
0 0.267716 0.985764 0.053874 0.028471
0 0.046865 0.921129 0.013312 0.048547
0 0.062080 0.793456 0.071414 0.064671
0 0.012654 0.231873 0.025308 0.040485
0 0.008850 0.186136 0.017700 0.037011
0 0.114782 0.507400 0.044024 0.043760
0 0.116329 0.436621 0.036324 0.033638
0 0.768563 0.374057 0.065251 0.059223
0 0.948835 0.516778 0.041698 0.043193
0 0.585413 0.159214 0.043746 0.042657
0 0.584770 0.085177 0.047441 0.053411
0 0.278828 0.060443 0.032133 0.038586
