0 0.225330 0.269277 0.076000 0.073628
0 0.037110 0.447206 0.072439 0.087912
0 0.058039 0.043605 0.065609 0.087209
0 0.579207 0.342077 0.070061 0.050222
0 0.959981 0.423321 0.077544 0.096845
0 0.799193 0.095811 0.051658 0.059909
0 0.755552 0.108835 0.048687 0.058673
0 0.748130 0.016615 0.051656 0.033230
0 0.631754 0.264866 0.113408 0.040928
0 0.719630 0.391593 0.056406 0.057114
0 0.934866 0.575985 0.086688 0.053386
0 0.862723 0.590222 0.039781 0.033219
0 0.796817 0.500059 0.064719 0.034405
0 0.803052 0.651023 0.064125 0.030252
0 0.745903 0.766395 0.070359 0.055758
0 0.784497 0.718348 0.094703 0.065248
0 0.173970 0.416355 0.068281 0.044952
0 0.043047 0.518226 0.077187 0.050270
0 0.023898 0.538089 0.047797 0.038097
0 0.144876 0.899439 0.056408 0.070834
0 0.018703 0.908757 0.037406 0.059317
0 0.392768 0.802617 0.066502 0.063987
0 0.649863 0.945238 0.057002 0.050419
0 0.456894 0.505991 0.047500 0.048639
