0 0.839705 0.031881 0.081568 0.063761
0 0.653265 0.047554 0.059764 0.071003
0 0.771122 0.143519 0.047423 0.048394
0 0.936480 0.079918 0.060477 0.120294
0 0.939884 0.012273 0.024701 0.024546
0 0.942664 0.547364 0.048145 0.046992
0 0.887855 0.919346 0.033963 0.031154
0 0.899815 0.938343 0.036949 0.032290
0 0.613342 0.860303 0.094824 0.067716
0 0.579105 0.765611 0.044487 0.047751
0 0.635034 0.760327 0.048223 0.076132
0 0.628318 0.723938 0.039317 0.058127
0 0.490516 0.983250 0.060084 0.033499
0 0.239285 0.696463 0.054701 0.051993
0 0.131851 0.708418 0.050804 0.043915
0 0.209306 0.065292 0.069806 0.079948
0 0.634489 0.607946 0.037612 0.052878
0 0.728097 0.096000 0.099036 0.095885
0 0.983448 0.575696 0.033104 0.079324
