0 0.755649 0.949742 0.035778 0.038062
0 0.952863 0.786620 0.018119 0.084777
0 0.928470 0.946730 0.018343 0.046175
0 0.895426 0.594495 0.020146 0.067177
0 0.955524 0.340787 0.021425 0.094317
0 0.974094 0.321059 0.019511 0.051587
0 0.769276 0.596572 0.036572 0.065310
0 0.538450 0.358449 0.074764 0.043204
0 0.621693 0.112041 0.036890 0.055790
0 0.641702 0.058641 0.064884 0.046771
0 0.982907 0.666112 0.034185 0.040819
0 0.917333 0.314053 0.026869 0.032331
0 0.939028 0.188945 0.042528 0.038238
0 0.503099 0.167433 0.038025 0.060458
0 0.238067 0.352280 0.038025 0.051990
0 0.090514 0.329811 0.037445 0.060060
0 0.063616 0.450818 0.036220 0.060267
0 0.205364 0.522664 0.036765 0.061660
0 0.309074 0.772861 0.018230 0.078171
0 0.363275 0.669620 0.035903 0.044136
0 0.214691 0.784282 0.019302 0.125431
0 0.195128 0.735638 0.015597 0.031283
0 0.184218 0.072553 0.023745 0.038637
0 0.163101 0.078514 0.024971 0.041408
0 0.140039 0.085334 0.021639 0.036587
0 0.194279 0.349244 0.033565 0.061395
0 0.306747 0.156367 0.131087 0.088552
0 0.515755 0.104971 0.015196 0.035763
0 0.487529 0.112836 0.018002 0.042146
0 0.910359 0.248908 0.013142 0.039259
0 0.887657 0.247663 0.017470 0.016626
0 0.830551 0.243980 0.015578 0.019033
0 0.793712 0.180892 0.018551 0.017480
0 0.819510 0.201310 0.009780 0.013610
