0 0.613750 0.873554 0.075180 0.039881
0 0.564941 0.625043 0.056273 0.071724
0 0.486756 0.654708 0.083355 0.031630
0 0.480853 0.632808 0.074775 0.028136
0 0.390890 0.602583 0.036499 0.030346
0 0.343374 0.466953 0.088486 0.049617
0 0.259735 0.451194 0.084870 0.078858
0 0.104708 0.399509 0.086149 0.066422
0 0.033408 0.500940 0.060645 0.048125
0 0.201776 0.658391 0.067295 0.046973
0 0.197226 0.264706 0.070880 0.086073
0 0.127005 0.235227 0.077115 0.030335
0 0.123508 0.212356 0.074995 0.029302
0 0.122064 0.188507 0.065559 0.029123
0 0.328304 0.163985 0.046017 0.054853
0 0.756470 0.055451 0.045704 0.046248
0 0.891084 0.010488 0.045961 0.020976
0 0.191698 0.096558 0.043556 0.063806
0 0.339475 0.623814 0.039487 0.025630
