0 0.421192 0.608317 0.074554 0.056814
0 0.407729 0.463515 0.105004 0.043691
0 0.452611 0.391832 0.042910 0.037126
0 0.516992 0.391865 0.028169 0.036358
0 0.761294 0.489776 0.066529 0.042166
0 0.311788 0.557209 0.038955 0.055900
0 0.100684 0.527757 0.039337 0.045205
0 0.209926 0.681671 0.054847 0.057544
0 0.256883 0.754113 0.045897 0.061879
0 0.187622 0.808759 0.074233 0.063107
0 0.073268 0.830052 0.042168 0.038485
0 0.417910 0.720903 0.058644 0.039460
0 0.315713 0.641148 0.042254 0.033365
0 0.513674 0.810070 0.060182 0.068268
0 0.499263 0.882866 0.049758 0.048328
0 0.696975 0.934973 0.068620 0.050039
