0 0.905599 0.570168 0.033873 0.082400
0 0.878144 0.556057 0.027494 0.080004
0 0.686994 0.366441 0.128805 0.153538
0 0.584641 0.580210 0.065297 0.089369
0 0.667695 0.787955 0.065746 0.070139
0 0.687253 0.708494 0.053207 0.082325
0 0.266352 0.123227 0.060659 0.045018
0 0.370187 0.031074 0.112731 0.062147
0 0.113307 0.181437 0.051578 0.058188
0 0.031095 0.501816 0.043282 0.047030
0 0.021381 0.883458 0.042762 0.075194
0 0.700530 0.188713 0.066681 0.059955
0 0.754895 0.124696 0.028729 0.041208
0 0.636493 0.631966 0.046912 0.038765
