0 0.354943 0.078942 0.087170 0.051710
0 0.273495 0.116118 0.064643 0.039610
0 0.427063 0.031877 0.067380 0.063755
0 0.510258 0.028097 0.050447 0.045439
0 0.554513 0.043903 0.046864 0.041640
0 0.478962 0.285051 0.087161 0.048556
0 0.717517 0.299309 0.055652 0.075109
0 0.920557 0.423248 0.077390 0.056820
0 0.219627 0.347062 0.065882 0.047871
0 0.169100 0.180456 0.052834 0.047007
0 0.255393 0.257376 0.049595 0.025320
0 0.372999 0.253856 0.070711 0.085325
0 0.141366 0.579896 0.100180 0.045276
0 0.305089 0.607696 0.069461 0.080116
0 0.457011 0.916006 0.037877 0.041639
0 0.884704 0.976280 0.056586 0.047439
0 0.950611 0.979047 0.050730 0.041905
0 0.808702 0.860553 0.044169 0.037831
0 0.794996 0.693650 0.074073 0.039696
0 0.966825 0.663686 0.058061 0.041084
0 0.403532 0.964058 0.158822 0.068669
0 0.035424 0.694888 0.062248 0.047005
0 0.758761 0.063010 0.080351 0.021771
