0 0.672723 0.086616 0.089658 0.032031
0 0.706864 0.120852 0.175750 0.041858
0 0.777817 0.156314 0.181097 0.042116
0 0.546550 0.115088 0.079562 0.030845
0 0.534081 0.141609 0.079563 0.026444
0 0.520425 0.171857 0.062938 0.022892
0 0.502316 0.194574 0.051656 0.017795
0 0.484800 0.220195 0.039188 0.023498
0 0.445612 0.257262 0.089063 0.022916
0 0.433291 0.281135 0.097080 0.026186
0 0.466542 0.313013 0.035328 0.017000
0 0.556941 0.263342 0.108656 0.026181
0 0.558426 0.287510 0.102127 0.026483
0 0.538831 0.312717 0.074812 0.023525
0 0.625816 0.210408 0.040969 0.018159
0 0.681630 0.236653 0.062344 0.026172
0 0.685489 0.264677 0.045125 0.019953
0 0.658770 0.324479 0.042752 0.017795
0 0.650606 0.352899 0.043641 0.020273
0 0.629676 0.378162 0.039186 0.019573
0 0.634574 0.407463 0.029389 0.011986
