0 0.098131 0.484649 0.048022 0.044154
0 0.059026 0.329575 0.077263 0.076039
0 0.410889 0.357554 0.061036 0.060980
0 0.470269 0.090121 0.054234 0.047164
0 0.738554 0.313807 0.072357 0.063930
0 0.617512 0.412727 0.081923 0.078328
0 0.221276 0.610055 0.074152 0.023046
0 0.368839 0.891690 0.056400 0.057664
0 0.304239 0.910429 0.048666 0.037940
0 0.347708 0.703272 0.040086 0.045212
0 0.299338 0.680545 0.043843 0.032849
0 0.323814 0.788487 0.039843 0.039834
0 0.515583 0.921009 0.052675 0.048039
0 0.261182 0.957351 0.048106 0.044749
