0 0.049727 0.131220 0.099453 0.118866
0 0.182876 0.021657 0.071845 0.043314
0 0.236611 0.378403 0.083125 0.025025
0 0.194009 0.467434 0.081642 0.056944
0 0.411174 0.727741 0.085502 0.093919
0 0.048984 0.801392 0.070062 0.059319
0 0.661145 0.965405 0.070062 0.053980
0 0.510777 0.979263 0.063234 0.038984
0 0.612903 0.588739 0.075109 0.062281
0 0.753919 0.526159 0.054328 0.052200
0 0.870444 0.521636 0.046906 0.051753
0 0.681630 0.685130 0.048094 0.054572
0 0.791473 0.847956 0.057594 0.064656
0 0.467878 0.541581 0.095594 0.083044
0 0.523098 0.587325 0.092033 0.088841
0 0.630715 0.099666 0.046017 0.043895
0 0.543284 0.108859 0.050469 0.049234
0 0.504394 0.856727 0.059375 0.064405
0 0.952677 0.657009 0.058189 0.043191
