0 0.550541 0.364510 0.133507 0.135958
0 0.975376 0.259950 0.049248 0.047146
0 0.480732 0.522910 0.082724 0.086032
0 0.620733 0.670641 0.051182 0.048800
0 0.335736 0.865969 0.067525 0.042317
0 0.523208 0.759742 0.057974 0.051035
0 0.053625 0.729551 0.050469 0.062276
0 0.238366 0.872569 0.063856 0.041294
0 0.468461 0.365343 0.017652 0.016965
0 0.433526 0.400420 0.040760 0.034732
0 0.449157 0.432450 0.036167 0.026891
0 0.404746 0.421796 0.021612 0.018472
0 0.472577 0.462229 0.020538 0.019777
0 0.315579 0.541588 0.038396 0.022208
0 0.761313 0.804769 0.064029 0.031862
0 0.406778 0.701007 0.018268 0.017214
0 0.403966 0.676666 0.016581 0.016578
0 0.406510 0.652766 0.014926 0.013541
0 0.757824 0.781961 0.032856 0.013774
0 0.352557 0.956693 0.040977 0.054985
