0 0.018796 0.589748 0.026824 0.093540
0 0.242946 0.504815 0.046935 0.069110
0 0.608161 0.651571 0.079085 0.057148
0 0.695651 0.965444 0.039445 0.046488
0 0.680679 0.877236 0.060534 0.040244
0 0.566007 0.774120 0.040818 0.041160
0 0.783621 0.711412 0.041712 0.044538
0 0.823380 0.758010 0.038079 0.051908
0 0.792307 0.842220 0.024551 0.080774
0 0.807367 0.944446 0.023338 0.071248
0 0.984058 0.802475 0.031884 0.067052
0 0.994850 0.732521 0.010300 0.033834
0 0.953481 0.452711 0.055862 0.056203
0 0.876261 0.364036 0.062569 0.053082
0 0.790580 0.419791 0.051134 0.043201
0 0.787971 0.315104 0.057025 0.057223
0 0.585959 0.327922 0.054502 0.053562
0 0.809193 0.209778 0.084367 0.064227
0 0.832804 0.812169 0.039603 0.033207
0 0.166225 0.587086 0.018805 0.073085
0 0.096995 0.283861 0.028041 0.027387
0 0.071023 0.292452 0.028757 0.027212
0 0.008535 0.051248 0.017070 0.033448
0 0.641308 0.099189 0.054434 0.094588
0 0.461033 0.808111 0.045777 0.044456
0 0.391406 0.620649 0.039427 0.036935
0 0.144494 0.991224 0.070099 0.017552
0 0.734949 0.187332 0.044558 0.073375
0 0.762218 0.228882 0.020174 0.024428
0 0.307045 0.171343 0.018562 0.022902
0 0.278662 0.176275 0.018424 0.021931
0 0.757590 0.488209 0.070315 0.055230
