0 0.546757 0.208960 0.069654 0.125714
0 0.717159 0.396286 0.055897 0.050035
0 0.709836 0.516293 0.041612 0.042556
0 0.891558 0.873571 0.051847 0.046951
0 0.288565 0.366096 0.043741 0.039369
0 0.099861 0.172612 0.058229 0.042038
0 0.930646 0.136572 0.048480 0.044293
0 0.792552 0.084571 0.055027 0.080530
0 0.781010 0.010469 0.040870 0.020937
0 0.718526 0.050992 0.042723 0.016749
0 0.711503 0.006880 0.040267 0.013760
0 0.073869 0.313991 0.061632 0.063665
0 0.242508 0.327158 0.040455 0.077722
0 0.233853 0.140143 0.042492 0.083204
