0 0.352268 0.203072 0.049025 0.056186
0 0.539806 0.689696 0.037913 0.099097
0 0.473600 0.713089 0.035285 0.052214
0 0.654417 0.908535 0.035827 0.081022
0 0.750883 0.845575 0.065765 0.096780
0 0.863968 0.928883 0.083902 0.064148
0 0.095965 0.861913 0.013623 0.043315
0 0.067786 0.867554 0.017013 0.038008
0 0.041271 0.867462 0.015762 0.041241
0 0.217120 0.914558 0.035818 0.035081
0 0.350143 0.876468 0.021916 0.067910
0 0.410862 0.983594 0.076783 0.025145
0 0.265127 0.965766 0.044954 0.026821
0 0.583771 0.392682 0.039204 0.035684
0 0.654716 0.423240 0.052760 0.051499
0 0.707264 0.233823 0.026992 0.051970
