0 0.504633 0.151042 0.158464 0.180169
0 0.148428 0.122384 0.089359 0.098694
0 0.025082 0.250385 0.050164 0.051178
0 0.063278 0.543183 0.075678 0.078714
0 0.278772 0.514566 0.079792 0.079756
0 0.255543 0.632429 0.051367 0.057610
0 0.129635 0.836558 0.053282 0.057043
0 0.018819 0.461346 0.037638 0.067149
0 0.607483 0.049102 0.074560 0.067363
0 0.777875 0.134532 0.160527 0.170130
0 0.844033 0.197518 0.052519 0.058098
0 0.943109 0.018699 0.034157 0.037397
0 0.689855 0.012490 0.045984 0.024980
0 0.560508 0.394786 0.064323 0.063417
0 0.495254 0.474502 0.066260 0.065449
0 0.700722 0.333797 0.074472 0.075963
0 0.951020 0.269072 0.060665 0.077802
0 0.959667 0.417157 0.068407 0.100593
0 0.902032 0.630868 0.080726 0.081144
0 0.714296 0.449292 0.073353 0.074075
0 0.871571 0.754740 0.072380 0.070892
0 0.712308 0.792619 0.066642 0.074555
0 0.536992 0.773599 0.068204 0.067682
0 0.461174 0.697648 0.095744 0.106803
0 0.482938 0.640105 0.050745 0.053211
0 0.563871 0.571853 0.089500 0.081697
0 0.638142 0.563449 0.044403 0.050179
0 0.959301 0.675696 0.068864 0.072800
0 0.984859 0.649066 0.030281 0.065668
0 0.220214 0.940265 0.048989 0.052971
0 0.554838 0.279260 0.051979 0.051437
0 0.644768 0.365542 0.080032 0.093838
0 0.887404 0.299702 0.048123 0.050335
