0 0.785197 0.310681 0.044829 0.068275
0 0.873382 0.226500 0.043308 0.042728
0 0.023330 0.107624 0.046659 0.048108
0 0.154058 0.287073 0.064740 0.063494
0 0.010148 0.260755 0.020296 0.034102
0 0.135059 0.542397 0.043642 0.036543
0 0.217117 0.684825 0.050332 0.043294
0 0.434983 0.805965 0.038145 0.043358
0 0.662702 0.699987 0.052843 0.044101
0 0.177568 0.714626 0.024224 0.050012
0 0.152235 0.710364 0.022793 0.047022
0 0.209309 0.325463 0.045382 0.046339
0 0.284544 0.185012 0.052132 0.049166
0 0.146287 0.067487 0.050625 0.057374
