0 0.123367 0.502605 0.050215 0.062967
0 0.032304 0.114916 0.054810 0.057684
0 0.113193 0.095295 0.132624 0.126771
0 0.899866 0.851475 0.043279 0.046108
0 0.979309 0.737564 0.041381 0.044352
0 0.921052 0.754313 0.035781 0.036754
0 0.515700 0.118212 0.038024 0.036281
0 0.530037 0.093891 0.035776 0.035016
0 0.409952 0.056965 0.059111 0.043157
0 0.908572 0.133593 0.037307 0.038713
0 0.645135 0.011725 0.040697 0.023449
0 0.770196 0.836519 0.057899 0.027244
0 0.692423 0.975774 0.075614 0.026775
0 0.038344 0.714384 0.047671 0.017272
