0 0.250175 0.796915 0.074534 0.059327
0 0.596751 0.982943 0.054382 0.034114
0 0.460330 0.772363 0.062933 0.061342
0 0.740923 0.943804 0.059428 0.066449
0 0.803686 0.978797 0.080522 0.042407
0 0.872014 0.880228 0.057272 0.052674
0 0.944396 0.645392 0.057498 0.070204
0 0.910977 0.550411 0.042072 0.048725
0 0.930450 0.383681 0.057274 0.046544
0 0.732531 0.312867 0.079966 0.062750
0 0.786747 0.391816 0.068909 0.058318
0 0.312290 0.317016 0.071548 0.065289
0 0.930185 0.494529 0.051041 0.044681
0 0.827748 0.550801 0.071714 0.048115
0 0.789256 0.546214 0.045000 0.041701
