0 0.084016 0.165212 0.048689 0.046861
0 0.213752 0.374306 0.035031 0.037963
0 0.538238 0.372527 0.042752 0.055759
0 0.930116 0.201396 0.046312 0.051608
0 0.794739 0.388542 0.062938 0.060503
0 0.561987 0.536012 0.041563 0.067158
0 0.414144 0.633523 0.061750 0.058131
0 0.396034 0.559445 0.062345 0.043756
0 0.399596 0.876429 0.057592 0.019577
0 0.390691 0.901341 0.036219 0.017202
0 0.537347 0.915891 0.026719 0.036806
0 0.591380 0.940789 0.044531 0.020169
0 0.587816 0.959770 0.030280 0.017794
0 0.697661 0.887423 0.024344 0.019023
0 0.681926 0.865479 0.064127 0.023773
