0 0.023552 0.506434 0.047105 0.041511
0 0.057495 0.984364 0.109448 0.028781
0 0.363673 0.875191 0.073428 0.059500
0 0.335966 0.965130 0.081741 0.059498
0 0.577723 0.894562 0.105292 0.076103
0 0.459268 0.951985 0.109448 0.055348
0 0.908146 0.585305 0.059573 0.069186
0 0.942020 0.518196 0.113466 0.045661
0 0.928928 0.354227 0.056803 0.085789
0 0.870047 0.120381 0.110834 0.088556
0 0.554863 0.154975 0.067886 0.044278
0 0.478664 0.184723 0.073428 0.040128
0 0.347049 0.113463 0.095595 0.074720
0 0.362981 0.300263 0.072044 0.033208
0 0.578416 0.491905 0.081741 0.034592
0 0.573566 0.533416 0.074812 0.023523
0 0.647686 0.481527 0.040178 0.033208
0 0.647686 0.525114 0.037406 0.017988
0 0.744865 0.135088 0.078377 0.056097
0 0.187032 0.851516 0.080158 0.053981
