0 0.019597 0.309810 0.039194 0.038581
0 0.153326 0.091421 0.085807 0.029219
0 0.011016 0.137036 0.022031 0.018922
0 0.351756 0.121962 0.068600 0.026285
0 0.593754 0.026100 0.092512 0.025438
0 0.611795 0.007963 0.051440 0.015925
0 0.367418 0.249195 0.060637 0.040485
0 0.633314 0.443053 0.045710 0.078391
0 0.867113 0.324543 0.050825 0.039233
0 0.918829 0.298434 0.043437 0.070398
0 0.267641 0.039262 0.044826 0.050831
0 0.627185 0.061033 0.031475 0.024047
0 0.748018 0.022836 0.041024 0.045672
0 0.830532 0.450387 0.061896 0.039397
0 0.681989 0.738788 0.054447 0.044817
0 0.723376 0.880618 0.060380 0.041295
0 0.609120 0.925292 0.059908 0.044255
0 0.520654 0.795203 0.061767 0.044427
0 0.256946 0.727340 0.077993 0.028338
0 0.348768 0.660004 0.044120 0.037809
0 0.258930 0.822919 0.125420 0.030510
0 0.308265 0.834508 0.030717 0.017497
0 0.966227 0.753580 0.039547 0.018857
0 0.964486 0.775070 0.040333 0.020001
0 0.960645 0.798815 0.035677 0.017291
0 0.691480 0.780636 0.058250 0.029492
0 0.867019 0.643643 0.073739 0.132993
0 0.888180 0.430294 0.035906 0.014787
0 0.885384 0.457673 0.043738 0.021461
0 0.692043 0.058568 0.039696 0.017995
0 0.696515 0.081790 0.017725 0.016901
0 0.706992 0.136715 0.019950 0.017052
0 0.775509 0.163636 0.019125 0.018137
0 0.751260 0.142772 0.012821 0.009543
