0 0.291967 0.038325 0.085632 0.076650
0 0.419051 0.282237 0.059490 0.037165
0 0.293552 0.638241 0.072857 0.121828
0 0.357418 0.632944 0.059816 0.115360
0 0.481167 0.830315 0.079797 0.054515
0 0.334868 0.836034 0.070049 0.085448
0 0.299547 0.376136 0.039072 0.018493
0 0.563211 0.522699 0.037782 0.054081
0 0.775638 0.517544 0.045715 0.056280
0 0.599711 0.466280 0.078254 0.019205
0 0.749285 0.459204 0.077675 0.017274
0 0.730938 0.486093 0.038426 0.013169
0 0.613277 0.491080 0.040991 0.022310
0 0.937677 0.305205 0.062196 0.023621
0 0.927869 0.337059 0.038650 0.019116
0 0.942211 0.354690 0.019369 0.017482
0 0.958261 0.443817 0.052704 0.048406
0 0.089529 0.792144 0.053217 0.041878
