0 0.671567 0.218370 0.050773 0.056910
0 0.443669 0.685061 0.045930 0.101137
0 0.506204 0.715663 0.036572 0.052921
0 0.310627 0.893722 0.042627 0.082734
0 0.222352 0.823731 0.069153 0.099370
0 0.100392 0.896485 0.082172 0.069304
0 0.870847 0.895169 0.017131 0.043126
0 0.898579 0.904245 0.020174 0.037849
0 0.924192 0.905377 0.017766 0.041045
0 0.745635 0.936421 0.038664 0.035384
0 0.616387 0.888063 0.027575 0.069252
0 0.546650 0.986475 0.078682 0.024454
0 0.693219 0.982833 0.046787 0.026063
0 0.425672 0.385616 0.040714 0.037890
0 0.352422 0.410398 0.054863 0.052659
0 0.316660 0.216761 0.031247 0.052986
