0 0.751737 0.993511 0.037550 0.012978
0 0.632075 0.992491 0.034310 0.015019
0 0.411537 0.787895 0.117135 0.117038
0 0.153420 0.579499 0.116684 0.088751
0 0.449289 0.036203 0.132905 0.072405
0 0.618442 0.717049 0.050434 0.045234
0 0.633694 0.656338 0.055835 0.060788
0 0.743714 0.780464 0.068285 0.065396
0 0.822760 0.855427 0.038417 0.039257
0 0.906967 0.743564 0.051150 0.042930
0 0.917202 0.710875 0.041385 0.036443
0 0.802594 0.674787 0.059301 0.066192
0 0.984800 0.134644 0.030400 0.103419
0 0.893223 0.418558 0.067567 0.067916
0 0.718760 0.501550 0.049218 0.047322
0 0.868498 0.770382 0.083293 0.077388
0 0.399822 0.690499 0.065877 0.060530
