0 0.770327 0.971098 0.036695 0.048990
0 0.734552 0.946828 0.046260 0.040655
0 0.804833 0.731424 0.036501 0.044497
0 0.793552 0.680437 0.038103 0.052855
0 0.323708 0.356865 0.072980 0.088113
0 0.307616 0.188634 0.046744 0.072733
0 0.703760 0.637737 0.022451 0.040773
0 0.726652 0.631237 0.024513 0.033285
0 0.671620 0.551414 0.021650 0.039316
0 0.698565 0.545595 0.023616 0.036941
0 0.724643 0.538313 0.023645 0.035160
0 0.750614 0.533149 0.024973 0.035140
0 0.779838 0.527289 0.026693 0.035224
0 0.801373 0.520886 0.025960 0.031536
