0 0.807884 0.252345 0.055886 0.052844
0 0.813201 0.310534 0.041573 0.069470
0 0.969259 0.247892 0.055545 0.071250
0 0.892786 0.178423 0.039200 0.061752
0 0.593155 0.171595 0.080178 0.100344
0 0.535248 0.532597 0.045137 0.076594
0 0.151283 0.106282 0.039794 0.118158
0 0.043176 0.336659 0.037386 0.109845
0 0.192559 0.588707 0.060578 0.066502
0 0.620179 0.779302 0.079586 0.054625
0 0.518916 0.659660 0.069488 0.042155
0 0.598501 0.624630 0.083742 0.059969
0 0.603846 0.494003 0.076614 0.059969
0 0.549723 0.373471 0.077953 0.068283
0 0.380534 0.035625 0.111061 0.056406
0 0.144156 0.675395 0.059984 0.040377
0 0.140861 0.598949 0.037953 0.077486
0 0.358500 0.743083 0.062241 0.041563
0 0.494192 0.139384 0.047359 0.057892
