0 0.938851 0.165808 0.060305 0.065973
0 0.205171 0.289125 0.037021 0.045754
0 0.186466 0.240926 0.056662 0.023936
0 0.304606 0.878836 0.080439 0.092307
0 0.780352 0.947552 0.054037 0.036176
0 0.718943 0.923421 0.057390 0.020893
0 0.877879 0.726972 0.067488 0.066009
0 0.700029 0.395342 0.049602 0.046858
0 0.542655 0.306873 0.050941 0.048784
0 0.375756 0.182183 0.047205 0.040928
0 0.616239 0.257325 0.042756 0.039408
0 0.909647 0.323281 0.052620 0.050498
0 0.808977 0.852575 0.050887 0.051324
0 0.823521 0.172169 0.036066 0.031637
0 0.840112 0.187400 0.039485 0.038314
0 0.808861 0.278461 0.034979 0.031728
0 0.913964 0.261395 0.041388 0.031425
0 0.520740 0.914169 0.043610 0.039058
