0 0.755322 0.685055 0.088192 0.106436
0 0.647453 0.688686 0.062166 0.079933
0 0.589769 0.446378 0.037780 0.098818
0 0.729875 0.420342 0.043165 0.099045
0 0.836570 0.256672 0.094070 0.067410
0 0.740120 0.260403 0.055648 0.069725
0 0.911351 0.471499 0.037355 0.030818
0 0.949424 0.757727 0.041220 0.066508
0 0.879245 0.826903 0.069119 0.061642
0 0.891624 0.703746 0.042180 0.045750
0 0.372033 0.740150 0.053673 0.079130
0 0.504302 0.465253 0.066172 0.069923
0 0.573960 0.149036 0.041989 0.066487
0 0.442853 0.144119 0.034431 0.075946
0 0.008537 0.332994 0.017075 0.048555
0 0.097164 0.450940 0.042201 0.051450
0 0.014220 0.463167 0.028124 0.051419
0 0.314537 0.984354 0.064704 0.031292
0 0.361101 0.377186 0.018262 0.067370
0 0.337470 0.376556 0.017380 0.065911
0 0.363611 0.637540 0.034220 0.081361
0 0.343753 0.435683 0.050885 0.045426
0 0.354605 0.528889 0.016609 0.068865
0 0.488502 0.616073 0.067065 0.040760
0 0.631310 0.984421 0.035441 0.024319
0 0.500069 0.015600 0.061254 0.029930
0 0.724411 0.016787 0.047143 0.033574
