0 0.552599 0.847246 0.112054 0.099172
0 0.442495 0.805678 0.118041 0.076430
0 0.366978 0.678505 0.083048 0.051768
0 0.306553 0.938454 0.089888 0.074617
0 0.158201 0.985440 0.075827 0.029120
0 0.138288 0.758202 0.081227 0.064695
0 0.223232 0.646081 0.078237 0.064173
0 0.186605 0.532207 0.048941 0.043890
0 0.097295 0.591074 0.063991 0.049490
0 0.295706 0.365739 0.059854 0.042235
0 0.770497 0.665823 0.073407 0.046270
0 0.940331 0.539854 0.038292 0.031806
0 0.934148 0.291416 0.067985 0.051441
0 0.379237 0.245069 0.044075 0.022635
0 0.387196 0.274843 0.045570 0.022930
0 0.010392 0.269987 0.020785 0.023254
0 0.799965 0.319581 0.044141 0.043055
