0 0.252792 0.797643 0.083029 0.058547
0 0.478893 0.603060 0.059748 0.063730
0 0.630390 0.653019 0.074818 0.039273
0 0.611004 0.689110 0.056068 0.032469
0 0.594251 0.713093 0.023195 0.016125
0 0.656583 0.162623 0.067254 0.054870
0 0.603804 0.104415 0.056081 0.045189
0 0.815939 0.072225 0.046375 0.044663
0 0.850125 0.131148 0.050284 0.055460
0 0.960719 0.179698 0.029375 0.035798
0 0.827039 0.271670 0.063791 0.041234
0 0.381302 0.886962 0.055406 0.038053
0 0.514658 0.967568 0.051269 0.027246
0 0.693520 0.962645 0.068518 0.047452
0 0.803414 0.674129 0.062980 0.052812
0 0.767399 0.447520 0.080449 0.032248
0 0.453176 0.737811 0.061545 0.062628
0 0.984394 0.668025 0.031212 0.031142
