0 0.071759 0.566267 0.044553 0.056620
0 0.210493 0.913441 0.047861 0.048283
0 0.339132 0.701973 0.038958 0.039053
0 0.367639 0.848993 0.069471 0.039386
0 0.915517 0.748008 0.043956 0.054975
0 0.799692 0.673997 0.066888 0.046908
0 0.512282 0.773338 0.048408 0.048734
0 0.575352 0.573426 0.042676 0.024612
0 0.516755 0.566531 0.066427 0.048199
0 0.449194 0.631581 0.049947 0.039602
0 0.176919 0.948468 0.082260 0.023448
0 0.195853 0.610071 0.042117 0.024075
0 0.201188 0.590425 0.038895 0.025343
0 0.196232 0.669753 0.045498 0.025550
0 0.201725 0.640357 0.036368 0.025258
