0 0.911530 0.617295 0.042155 0.046081
0 0.743795 0.775208 0.049875 0.048706
0 0.675663 0.742846 0.070953 0.049233
0 0.766952 0.982061 0.060563 0.035878
0 0.345980 0.981172 0.055812 0.037656
0 0.078345 0.756489 0.044234 0.044488
0 0.183292 0.711598 0.039187 0.042497
0 0.143510 0.493339 0.064127 0.048488
0 0.164291 0.335037 0.072439 0.071181
0 0.029332 0.116278 0.056170 0.071425
0 0.464137 0.305328 0.045125 0.047350
0 0.541623 0.336021 0.067095 0.055352
0 0.684717 0.373238 0.044531 0.036064
0 0.760420 0.431064 0.036812 0.048503
0 0.828109 0.504905 0.048689 0.043147
0 0.346871 0.619675 0.038595 0.044069
0 0.670616 0.518033 0.038891 0.032625
