0 0.772325 0.775072 0.084016 0.063550
0 0.529925 0.600758 0.062938 0.066519
0 0.383565 0.663712 0.074220 0.045137
0 0.405830 0.697863 0.055814 0.036230
0 0.424830 0.720431 0.023752 0.017225
0 0.314690 0.177417 0.067095 0.053209
0 0.362189 0.115065 0.057594 0.042505
0 0.148438 0.101258 0.045720 0.045172
0 0.119344 0.163315 0.049281 0.055283
0 0.013211 0.221955 0.026422 0.035406
0 0.154079 0.301231 0.061748 0.037209
0 0.651793 0.875147 0.056705 0.041575
0 0.526214 0.967204 0.051359 0.030883
0 0.347049 0.975554 0.065314 0.046398
0 0.213158 0.699941 0.064719 0.057014
0 0.228892 0.470987 0.081937 0.038605
0 0.567331 0.732309 0.064125 0.064738
0 0.023898 0.706519 0.047797 0.035722
