0 0.389902 0.913527 0.045655 0.041672
0 0.229107 0.748550 0.048435 0.049598
0 0.260264 0.679870 0.048562 0.070755
0 0.022721 0.775357 0.035204 0.060533
0 0.017374 0.354429 0.034748 0.055700
0 0.236209 0.082936 0.044149 0.043862
0 0.282896 0.187014 0.042345 0.038809
0 0.500392 0.143439 0.047682 0.063806
0 0.659053 0.161535 0.070974 0.072658
0 0.873223 0.025476 0.066967 0.050951
0 0.693985 0.460731 0.047260 0.044818
0 0.664641 0.538748 0.054934 0.066899
0 0.629977 0.682488 0.035489 0.044017
0 0.573507 0.759168 0.048133 0.036248
0 0.500830 0.828063 0.042565 0.048154
0 0.377697 0.348995 0.044083 0.038196
0 0.484971 0.670947 0.032206 0.038939
