0 0.658028 0.196716 0.065609 0.038367
0 0.733434 0.102148 0.041859 0.043391
0 0.940209 0.934259 0.045127 0.045695
0 0.748130 0.821721 0.063531 0.061820
0 0.792661 0.976012 0.046906 0.045481
0 0.495487 0.868317 0.033250 0.044544
0 0.346158 0.800610 0.044531 0.051670
0 0.202322 0.596304 0.044234 0.038605
0 0.283814 0.358827 0.044531 0.054227
0 0.320034 0.843373 0.050469 0.027914
0 0.327158 0.867722 0.046906 0.026725
0 0.703598 0.770800 0.046906 0.047878
0 0.835709 0.681234 0.047502 0.051670
0 0.966928 0.806881 0.059375 0.047441
