0 0.132567 0.842730 0.107183 0.072016
0 0.598602 0.741365 0.097510 0.064561
0 0.572107 0.681496 0.102184 0.075411
0 0.580697 0.965194 0.050349 0.027228
0 0.644831 0.937026 0.047465 0.032822
0 0.737399 0.952383 0.065987 0.031794
0 0.797774 0.899703 0.068821 0.040545
0 0.812869 0.935431 0.067299 0.031325
0 0.978064 0.904676 0.043872 0.029436
0 0.990441 0.510546 0.019117 0.025525
0 0.888414 0.558581 0.078842 0.031033
0 0.875689 0.521079 0.066491 0.031626
0 0.877023 0.489979 0.044534 0.026974
0 0.735135 0.574711 0.034695 0.023948
