0 0.411524 0.924253 0.055161 0.042107
0 0.072012 0.767483 0.046836 0.046053
0 0.289790 0.650101 0.037398 0.037365
0 0.144504 0.613902 0.036143 0.068833
0 0.273748 0.071386 0.053969 0.045400
0 0.341979 0.190634 0.043449 0.067296
0 0.227567 0.473362 0.047335 0.047303
0 0.430515 0.421053 0.022768 0.042307
0 0.434466 0.479815 0.045599 0.065177
0 0.365997 0.543828 0.037980 0.048358
0 0.036080 0.799715 0.021042 0.082278
0 0.374052 0.797874 0.022510 0.041943
0 0.394117 0.793866 0.023719 0.038464
0 0.314560 0.794549 0.023770 0.045239
0 0.344195 0.790502 0.023696 0.035828
