0 0.380995 0.820453 0.068028 0.045024
0 0.317153 0.922415 0.046112 0.045967
0 0.015315 0.122297 0.030629 0.041743
0 0.214262 0.210971 0.062696 0.057561
0 0.148738 0.060796 0.046557 0.046047
0 0.459701 0.133951 0.037924 0.048119
0 0.615590 0.182882 0.045357 0.052515
0 0.783896 0.368552 0.044643 0.038606
0 0.732080 0.614118 0.044416 0.055089
0 0.637064 0.136965 0.050303 0.031831
0 0.626704 0.114100 0.046122 0.030940
0 0.265337 0.256139 0.046919 0.050126
0 0.144779 0.361175 0.044904 0.050417
0 0.014927 0.257160 0.029854 0.032685
