0 0.471820 0.342231 0.083034 0.049351
0 0.632098 0.406451 0.079693 0.050431
0 0.617218 0.448831 0.111496 0.061593
0 0.636757 0.500410 0.116828 0.064989
0 0.452239 0.379537 0.135514 0.067310
0 0.441248 0.419311 0.065086 0.047384
0 0.451929 0.485851 0.080464 0.053240
0 0.422950 0.516122 0.066972 0.049257
0 0.598184 0.600228 0.114285 0.070476
0 0.593599 0.643485 0.204540 0.103118
0 0.743305 0.698047 0.065906 0.049871
0 0.751770 0.739107 0.060523 0.049365
0 0.397560 0.625768 0.041304 0.032442
0 0.371220 0.657012 0.079688 0.045857
0 0.571382 0.674092 0.235896 0.116607
0 0.489015 0.684204 0.099102 0.064338
0 0.358217 0.720279 0.047504 0.041710
0 0.480674 0.754611 0.044911 0.041826
0 0.605677 0.792139 0.061341 0.049002
0 0.709758 0.825350 0.064750 0.049082
0 0.454500 0.785601 0.079405 0.049265
0 0.363655 0.760635 0.077001 0.046566
0 0.622164 0.836288 0.031315 0.034683
