0 0.502767 0.391728 0.066837 0.111130
0 0.438660 0.260993 0.090924 0.086727
0 0.485451 0.145460 0.096685 0.127566
0 0.624192 0.330836 0.064203 0.093346
0 0.550668 0.363196 0.061270 0.092278
0 0.795182 0.174256 0.099400 0.087139
0 0.824053 0.032137 0.059778 0.064273
0 0.902635 0.029638 0.051605 0.059276
0 0.893314 0.487377 0.024801 0.091419
0 0.860160 0.529672 0.020963 0.054270
0 0.351710 0.088514 0.066100 0.073045
0 0.068865 0.576120 0.050601 0.075773
0 0.196439 0.745688 0.026230 0.040277
0 0.152266 0.975085 0.029552 0.020402
0 0.164807 0.942641 0.024740 0.020170
0 0.174995 0.909599 0.031991 0.040136
0 0.260180 0.874734 0.028142 0.019672
0 0.263427 0.902433 0.025428 0.022648
0 0.294627 0.888676 0.023435 0.021191
0 0.309933 0.921709 0.022499 0.019831
0 0.329172 0.903038 0.024622 0.021072
0 0.351208 0.935350 0.023193 0.021155
0 0.363887 0.917159 0.022302 0.017169
0 0.382993 0.951096 0.024294 0.024152
0 0.400999 0.932400 0.021821 0.022653
0 0.423697 0.954772 0.022543 0.019781
0 0.431479 0.931180 0.027869 0.023289
