0 0.649393 0.440427 0.034701 0.082707
0 0.617282 0.613084 0.035776 0.080248
0 0.572888 0.606691 0.041164 0.111264
0 0.525482 0.633884 0.044009 0.115468
0 0.609097 0.429930 0.041666 0.138407
0 0.568556 0.428868 0.036218 0.063888
0 0.504212 0.449011 0.039271 0.079975
0 0.469462 0.427385 0.038762 0.064344
0 0.420525 0.616378 0.049339 0.115599
0 0.376627 0.618449 0.066132 0.208160
0 0.352242 0.776536 0.039064 0.063541
0 0.313326 0.792771 0.038631 0.059976
0 0.358733 0.423138 0.036253 0.044377
0 0.321490 0.404366 0.036076 0.085332
0 0.342821 0.603775 0.071150 0.245085
0 0.317130 0.524601 0.046039 0.100332
0 0.256765 0.402978 0.034233 0.042748
0 0.246551 0.530498 0.034230 0.043105
0 0.233356 0.659286 0.038303 0.059763
0 0.221549 0.770796 0.037621 0.067302
0 0.211634 0.511848 0.034874 0.081634
0 0.218565 0.417502 0.032656 0.077213
0 0.193072 0.684148 0.030673 0.026012
