0 0.354685 0.417464 0.057766 0.042707
0 0.678526 0.502565 0.061639 0.064089
0 0.926341 0.571726 0.062451 0.046465
0 0.807586 0.898201 0.048675 0.093941
0 0.081684 0.284393 0.075111 0.027006
0 0.010579 0.203833 0.021157 0.054643
0 0.011135 0.251064 0.022261 0.015709
0 0.006944 0.275792 0.013889 0.013747
0 0.171238 0.354112 0.071203 0.024196
0 0.187987 0.317426 0.063810 0.017863
0 0.324795 0.063431 0.037476 0.057200
0 0.272649 0.057697 0.038548 0.056965
0 0.407811 0.305620 0.054540 0.048048
0 0.521382 0.461222 0.044577 0.060600
0 0.582525 0.695742 0.031520 0.042096
0 0.598926 0.812519 0.040041 0.019948
0 0.582863 0.788748 0.025152 0.017829
0 0.464446 0.141820 0.044294 0.062582
