0 0.418255 0.829524 0.086164 0.097744
0 0.934961 0.520031 0.061621 0.054417
0 0.850063 0.481768 0.070122 0.067578
0 0.482753 0.416509 0.048833 0.044310
0 0.434202 0.374187 0.048930 0.049116
0 0.885800 0.053518 0.077804 0.044599
0 0.081089 0.267238 0.058194 0.064519
0 0.201918 0.389080 0.032244 0.033212
0 0.064349 0.507780 0.017588 0.076754
0 0.008109 0.693139 0.016217 0.027242
0 0.020424 0.610622 0.040849 0.042304
0 0.547738 0.990959 0.072134 0.018082
0 0.632646 0.991510 0.073129 0.016980
0 0.830354 0.891577 0.059595 0.039527
