0 0.248916 0.015725 0.045063 0.031450
0 0.271283 0.149718 0.047143 0.063258
0 0.204227 0.150741 0.041136 0.048986
0 0.651834 0.092243 0.057918 0.037559
0 0.915616 0.069490 0.039840 0.026101
0 0.948888 0.375307 0.049851 0.037618
0 0.961909 0.443485 0.032939 0.038095
0 0.793562 0.417741 0.063949 0.045583
0 0.686856 0.549996 0.043723 0.059338
0 0.107483 0.317838 0.064816 0.047463
0 0.249592 0.349554 0.065229 0.044963
0 0.132116 0.385388 0.063096 0.042954
0 0.108768 0.505476 0.044525 0.037144
0 0.174019 0.608207 0.046188 0.053671
0 0.730714 0.983927 0.055368 0.032145
0 0.666832 0.809955 0.040399 0.041342
0 0.858336 0.748512 0.047034 0.039529
0 0.838046 0.687000 0.036289 0.040009
0 0.257728 0.052488 0.040983 0.017956
0 0.408443 0.974914 0.045221 0.037409
0 0.064390 0.740188 0.058868 0.047063
0 0.044873 0.725667 0.057356 0.041670
