0 0.905571 0.874312 0.062802 0.060490
0 0.656562 0.172877 0.043195 0.032577
0 0.701172 0.147090 0.032314 0.057493
0 0.093178 0.373419 0.095081 0.089029
0 0.105913 0.855709 0.039620 0.050971
0 0.120961 0.790708 0.030402 0.056019
0 0.037136 0.813564 0.036127 0.065982
0 0.342146 0.911546 0.068287 0.064587
0 0.638278 0.679139 0.047364 0.049857
0 0.697720 0.509114 0.049557 0.051925
0 0.791365 0.322234 0.042039 0.046520
0 0.759486 0.572101 0.041553 0.042576
0 0.745125 0.872569 0.050393 0.052780
0 0.206712 0.865431 0.051481 0.051468
0 0.878975 0.761162 0.033083 0.034200
0 0.866968 0.780708 0.039469 0.037845
0 0.771372 0.766503 0.027465 0.035914
0 0.806785 0.866230 0.026694 0.041514
0 0.095572 0.592622 0.040943 0.044475
