0 0.301596 0.416762 0.527936 0.708096
0 0.386363 0.055398 0.136364 0.056817
0 0.661222 0.050426 0.069603 0.063920
0 0.838779 0.183239 0.129261 0.088069
0 0.490767 0.473722 0.038353 0.086647
0 0.282670 0.394177 0.025569 0.106534
0 0.308238 0.397017 0.022727 0.103694
0 0.015625 0.508523 0.031250 0.039773
0 0.019176 0.890625 0.038352 0.051138
0 0.721591 0.812500 0.065341 0.059659
0 0.759233 0.718750 0.041194 0.034091
0 0.339205 0.202819 0.072203 0.084559
0 0.391668 0.185968 0.020227 0.039830
0 0.334055 0.846201 0.097453 0.064952
0 0.747055 0.318168 0.125850 0.123467
0 0.801705 0.664522 0.025130 0.038603
