0 0.299876 0.623117 0.089629 0.054674
0 0.308157 0.562620 0.111857 0.061128
0 0.323563 0.520089 0.092706 0.037692
0 0.208192 0.489760 0.042321 0.041154
0 0.340769 0.475653 0.089653 0.055862
0 0.852040 0.518058 0.133893 0.086797
0 0.941458 0.513550 0.052393 0.059130
0 0.950664 0.263745 0.037383 0.060918
0 0.711136 0.560162 0.093742 0.077718
0 0.682386 0.600663 0.055785 0.054295
0 0.495945 0.511225 0.053569 0.044766
0 0.476069 0.660387 0.076932 0.039199
0 0.576218 0.741621 0.053224 0.046239
0 0.719717 0.800785 0.054241 0.062187
0 0.678446 0.879556 0.057250 0.063049
0 0.632327 0.951409 0.049622 0.046136
0 0.455741 0.957176 0.045672 0.057784
0 0.454469 0.991964 0.047575 0.016072
0 0.912657 0.919770 0.074752 0.030741
0 0.221161 0.264322 0.034611 0.043032
0 0.145410 0.214338 0.039957 0.035000
0 0.395332 0.076044 0.052313 0.043923
