0 0.124055 0.268348 0.079225 0.057063
0 0.159988 0.173424 0.040200 0.063188
0 0.011412 0.293863 0.022824 0.041428
0 0.245102 0.042011 0.059665 0.061804
0 0.303799 0.023101 0.034002 0.028116
0 0.574025 0.214158 0.083697 0.040771
0 0.607405 0.500072 0.040465 0.047714
0 0.549066 0.548493 0.039496 0.033172
0 0.434278 0.555455 0.016107 0.058705
0 0.692321 0.778901 0.040808 0.041816
0 0.583060 0.898854 0.022079 0.055029
0 0.779212 0.838298 0.019713 0.078100
0 0.210598 0.485677 0.036098 0.060159
0 0.187203 0.544893 0.056137 0.053521
0 0.208616 0.901229 0.039644 0.084438
0 0.098204 0.365294 0.084573 0.034608
0 0.967088 0.128568 0.027898 0.040679
0 0.364119 0.954485 0.035024 0.076730
0 0.899793 0.605905 0.020899 0.042382
0 0.926103 0.610326 0.023704 0.051150
