0 0.834788 0.084016 0.046861 0.048689
0 0.625694 0.213752 0.037963 0.035031
0 0.627473 0.538238 0.055759 0.042752
0 0.798604 0.930116 0.051608 0.046312
0 0.611458 0.794739 0.060503 0.062938
0 0.463988 0.561987 0.067158 0.041563
0 0.366477 0.414144 0.058131 0.061750
0 0.440555 0.396034 0.043756 0.062345
0 0.123571 0.399596 0.019577 0.057592
0 0.098659 0.390691 0.017202 0.036219
0 0.084109 0.537347 0.036806 0.026719
0 0.059211 0.591380 0.020169 0.044531
0 0.040230 0.587816 0.017794 0.030280
0 0.112577 0.697661 0.019023 0.024344
0 0.134521 0.681926 0.023773 0.064127
