0 0.098389 0.878384 0.060638 0.064306
0 0.815350 0.678955 0.034481 0.044381
0 0.838387 0.725170 0.057370 0.029067
0 0.654688 0.102928 0.085905 0.094316
0 0.173741 0.082168 0.051425 0.036183
0 0.237055 0.101742 0.056775 0.026694
0 0.220260 0.017505 0.065395 0.035009
0 0.100470 0.313802 0.065989 0.067622
0 0.311812 0.625280 0.049937 0.047334
0 0.477379 0.696600 0.051720 0.049428
0 0.656917 0.803059 0.046966 0.041747
0 0.409904 0.753684 0.042805 0.040844
0 0.111170 0.718545 0.052909 0.050620
0 0.155907 0.181820 0.051423 0.051606
0 0.212830 0.859820 0.035075 0.032623
0 0.194399 0.846473 0.038642 0.039150
0 0.215504 0.752348 0.035670 0.029278
0 0.113252 0.780521 0.041616 0.028692
0 0.435914 0.090176 0.044291 0.040336
