0 0.753568 0.284382 0.027907 0.113311
0 0.827601 0.187841 0.043466 0.044012
0 0.709515 0.305344 0.099633 0.125471
0 0.680913 0.322647 0.047592 0.075457
0 0.642519 0.959781 0.037399 0.076520
0 0.596907 0.963309 0.036303 0.073381
0 0.551260 0.965156 0.037456 0.058622
0 0.334175 0.907388 0.043835 0.047313
0 0.412258 0.978935 0.029904 0.033386
0 0.384060 0.975548 0.020848 0.034748
0 0.361276 0.981640 0.017646 0.022086
0 0.364136 0.961684 0.024202 0.021747
0 0.383226 0.838791 0.088684 0.051377
0 0.438276 0.686962 0.080666 0.095537
0 0.158089 0.414322 0.029422 0.081580
