0 0.386739 0.623160 0.053153 0.061146
0 0.543129 0.326632 0.070945 0.068784
0 0.666659 0.101010 0.057592 0.066562
0 0.952972 0.289264 0.094055 0.066535
0 0.196176 0.858667 0.019555 0.073592
0 0.095443 0.926181 0.063493 0.061381
0 0.147340 0.920321 0.019374 0.023650
0 0.169618 0.932338 0.017295 0.020410
0 0.284505 0.787923 0.038374 0.071760
0 0.251918 0.762779 0.031759 0.061047
0 0.035096 0.572591 0.059333 0.046215
0 0.023394 0.622120 0.046789 0.047491
0 0.288870 0.545978 0.055142 0.057337
0 0.467456 0.470227 0.064085 0.052732
0 0.707171 0.464862 0.040528 0.027457
0 0.828303 0.474267 0.018192 0.036894
0 0.799071 0.485697 0.015802 0.025553
0 0.143045 0.454271 0.065667 0.052974
