0 0.074218 0.094293 0.082683 0.086306
0 0.263159 0.084739 0.065520 0.072134
0 0.165914 0.201675 0.051039 0.051153
0 0.074979 0.631488 0.048747 0.048282
0 0.199439 0.985119 0.033395 0.026330
0 0.457769 0.874593 0.091708 0.077373
0 0.472671 0.775629 0.047938 0.050625
0 0.416892 0.781317 0.057468 0.072482
0 0.415978 0.744365 0.046075 0.055076
0 0.605454 0.973947 0.065761 0.040068
0 0.793411 0.643427 0.056941 0.054633
0 0.901205 0.634287 0.055837 0.048726
0 0.702212 0.028884 0.076588 0.057767
0 0.388010 0.631295 0.044088 0.050972
0 0.199370 0.146226 0.104726 0.102087
0 0.036512 0.668349 0.046747 0.078399
