0 0.048316 0.317519 0.057376 0.077474
0 0.224130 0.533114 0.085159 0.059441
0 0.508752 0.309068 0.076161 0.079009
0 0.488131 0.540608 0.050141 0.051570
0 0.572539 0.494574 0.055161 0.067040
0 0.418975 0.738980 0.045469 0.047401
0 0.714384 0.393136 0.045261 0.048202
0 0.810673 0.530125 0.060797 0.065118
0 0.735061 0.501468 0.071205 0.062916
0 0.650352 0.280613 0.019295 0.038064
0 0.587155 0.373239 0.051079 0.069759
0 0.858399 0.192065 0.072100 0.068430
0 0.790421 0.288479 0.067253 0.055565
0 0.863215 0.674868 0.038602 0.056369
0 0.881596 0.683853 0.040730 0.057525
0 0.766242 0.951673 0.064101 0.084341
0 0.798897 0.971814 0.058424 0.056373
0 0.483334 0.973251 0.064608 0.053498
0 0.993638 0.278413 0.012724 0.026964
