0 0.883058 0.982895 0.071519 0.034209
0 0.395487 0.761437 0.042773 0.077562
0 0.525013 0.729947 0.101491 0.042480
0 0.422338 0.593955 0.045676 0.033945
0 0.663097 0.463816 0.035543 0.042351
0 0.243755 0.337980 0.084184 0.074031
0 0.069302 0.292394 0.045747 0.061883
0 0.286108 0.182229 0.057454 0.082259
0 0.454139 0.027171 0.056186 0.044292
0 0.770645 0.237599 0.071191 0.046502
0 0.809082 0.364482 0.035067 0.023990
0 0.814760 0.400482 0.022317 0.037872
0 0.016909 0.574735 0.033818 0.039233
0 0.222103 0.678591 0.037539 0.054299
0 0.752937 0.733411 0.048908 0.038274
0 0.710963 0.736196 0.028485 0.038320
0 0.515377 0.825220 0.055370 0.018408
0 0.904856 0.451077 0.062941 0.080766
