0 0.937181 0.801605 0.039915 0.045086
0 0.893389 0.189276 0.022676 0.069428
0 0.663629 0.885040 0.017484 0.067343
0 0.468369 0.820473 0.066536 0.071502
0 0.479024 0.424276 0.045016 0.099320
0 0.294581 0.989986 0.042748 0.020028
0 0.301230 0.937470 0.053189 0.075547
0 0.260341 0.677941 0.043165 0.050716
0 0.134589 0.748784 0.103396 0.132605
0 0.019479 0.130980 0.038959 0.060132
0 0.318926 0.283465 0.032081 0.061255
0 0.444552 0.016578 0.038324 0.028409
0 0.497014 0.240051 0.021354 0.077200
0 0.231883 0.082943 0.035487 0.035982
0 0.282089 0.067836 0.046293 0.048692
0 0.192267 0.299936 0.065570 0.109856
0 0.380450 0.900989 0.019061 0.033816
0 0.059809 0.335487 0.038799 0.095134
