0 0.660697 0.773745 0.058069 0.054382
0 0.986928 0.151202 0.026145 0.066917
0 0.722746 0.141497 0.112773 0.071963
0 0.604290 0.027982 0.063495 0.045760
0 0.320620 0.676127 0.060457 0.096515
0 0.355993 0.481710 0.035321 0.096261
0 0.316923 0.494002 0.029925 0.113202
0 0.279730 0.512736 0.027013 0.072960
0 0.183627 0.349823 0.023934 0.054799
0 0.212999 0.347206 0.023934 0.056375
0 0.382029 0.279867 0.034190 0.133478
0 0.883427 0.133993 0.023113 0.092595
0 0.910681 0.159865 0.016605 0.035839
0 0.333217 0.228348 0.024627 0.035303
