0 0.765939 0.074327 0.059384 0.065408
0 0.348267 0.772529 0.098000 0.121265
0 0.023697 0.529603 0.047394 0.068539
0 0.047871 0.775260 0.044867 0.054255
0 0.006257 0.723076 0.012513 0.033972
0 0.030287 0.721331 0.034917 0.056179
0 0.897939 0.789066 0.022217 0.110034
0 0.494159 0.686073 0.068295 0.062032
0 0.658844 0.112023 0.040042 0.061637
0 0.627824 0.104161 0.039802 0.057304
0 0.325287 0.679570 0.134046 0.110380
0 0.413430 0.850374 0.106248 0.111332
0 0.490796 0.802255 0.058125 0.109107
0 0.891623 0.944156 0.052688 0.034355
