0 0.041502 0.268742 0.062805 0.084619
0 0.730059 0.139684 0.067781 0.061307
0 0.972795 0.040179 0.054410 0.032528
0 0.900269 0.217539 0.073818 0.067528
0 0.585818 0.113385 0.032939 0.091025
0 0.665013 0.517210 0.024144 0.125733
0 0.640010 0.508151 0.028379 0.140933
0 0.577926 0.474295 0.033914 0.082285
0 0.615094 0.476626 0.024772 0.081229
0 0.602402 0.554911 0.023501 0.049679
0 0.312162 0.455610 0.025553 0.073932
0 0.343805 0.448489 0.019821 0.053392
0 0.401741 0.453736 0.021455 0.060413
0 0.374656 0.455879 0.019601 0.056953
0 0.843880 0.403929 0.053909 0.074446
