0 0.782794 0.396615 0.117081 0.118646
0 0.561673 0.149617 0.091999 0.116658
0 0.035861 0.475185 0.071722 0.135287
0 0.722933 0.607027 0.045750 0.050828
0 0.663102 0.625215 0.060861 0.056617
0 0.792848 0.728850 0.065131 0.069460
0 0.871853 0.804050 0.040124 0.038559
0 0.764663 0.893977 0.043615 0.051316
0 0.732612 0.905728 0.038157 0.042968
0 0.690171 0.793218 0.066653 0.061224
0 0.439313 0.896773 0.067553 0.068970
0 0.512998 0.718600 0.047598 0.050138
0 0.789166 0.853940 0.078917 0.083117
0 0.685230 0.390066 0.060385 0.066578
