0 0.981204 0.410252 0.026824 0.093540
0 0.757054 0.495185 0.046935 0.069110
0 0.391839 0.348429 0.079085 0.057148
0 0.304349 0.034556 0.039445 0.046488
0 0.319321 0.122764 0.060534 0.040244
0 0.433993 0.225880 0.040818 0.041160
0 0.216379 0.288588 0.041712 0.044538
0 0.176620 0.241990 0.038079 0.051908
0 0.207693 0.157780 0.024551 0.080774
0 0.192633 0.055554 0.023338 0.071248
0 0.015942 0.197525 0.031884 0.067052
0 0.005150 0.267479 0.010300 0.033834
0 0.046519 0.547289 0.055862 0.056203
0 0.123739 0.635964 0.062569 0.053082
0 0.209420 0.580209 0.051134 0.043201
0 0.212029 0.684896 0.057025 0.057223
0 0.414041 0.672078 0.054502 0.053562
0 0.190807 0.790222 0.084367 0.064227
0 0.167196 0.187831 0.039603 0.033207
0 0.833775 0.412914 0.018805 0.073085
0 0.903005 0.716139 0.028041 0.027387
0 0.928977 0.707548 0.028757 0.027212
0 0.991465 0.948752 0.017070 0.033448
0 0.358692 0.900811 0.054434 0.094588
0 0.538967 0.191889 0.045777 0.044456
0 0.608594 0.379351 0.039427 0.036935
0 0.855506 0.008776 0.070099 0.017552
0 0.265051 0.812668 0.044558 0.073375
0 0.237782 0.771118 0.020174 0.024428
0 0.692955 0.828657 0.018562 0.022902
0 0.721338 0.823725 0.018424 0.021931
0 0.242410 0.511791 0.070315 0.055230
