0 0.774063 0.573971 0.066314 0.059961
0 0.926438 0.606156 0.055932 0.065576
0 0.681391 0.699078 0.093011 0.046713
0 0.818825 0.728435 0.047641 0.046376
0 0.522529 0.937725 0.049791 0.042659
0 0.620068 0.622093 0.057172 0.060152
0 0.734745 0.472992 0.055272 0.054107
0 0.586903 0.499270 0.053052 0.048186
0 0.641282 0.306448 0.059347 0.059278
0 0.521877 0.355359 0.055264 0.049840
0 0.333361 0.371188 0.063573 0.060075
0 0.256841 0.377766 0.075405 0.066977
0 0.080984 0.404715 0.066876 0.063711
0 0.260051 0.563086 0.059784 0.057852
0 0.326298 0.599044 0.054698 0.046253
0 0.801141 0.275996 0.052170 0.057672
0 0.845007 0.358764 0.045389 0.041617
0 0.859935 0.380031 0.055421 0.047384
0 0.345401 0.103061 0.054875 0.069204
0 0.747804 0.147945 0.044932 0.045209
0 0.334800 0.330493 0.047146 0.045502
0 0.718825 0.190420 0.059304 0.049119
0 0.276745 0.714087 0.089163 0.093100
