0 0.687026 0.347534 0.064594 0.053652
0 0.666890 0.019365 0.051956 0.038729
0 0.800673 0.014026 0.056269 0.028051
0 0.525951 0.044916 0.098640 0.076076
0 0.369460 0.060542 0.097171 0.078963
0 0.027341 0.054523 0.052046 0.061753
0 0.236744 0.170858 0.103165 0.078148
0 0.891738 0.603306 0.055571 0.059663
0 0.964490 0.701209 0.048398 0.047349
0 0.959212 0.880757 0.064503 0.055647
0 0.783812 0.735828 0.055302 0.046311
0 0.831238 0.917143 0.058980 0.033261
0 0.730358 0.866807 0.045993 0.049108
0 0.398850 0.620260 0.114056 0.088665
0 0.268785 0.665758 0.087186 0.077583
0 0.209625 0.852033 0.064810 0.069294
0 0.118413 0.744405 0.081758 0.059310
0 0.097256 0.895439 0.055536 0.069584
0 0.029499 0.383711 0.058998 0.072821
0 0.209135 0.361997 0.064554 0.089870
0 0.152067 0.380904 0.056476 0.070505
0 0.122278 0.325270 0.038629 0.049971
0 0.113727 0.247404 0.070554 0.069051
0 0.017309 0.289827 0.034618 0.082411
0 0.376177 0.472495 0.056422 0.034136
0 0.583722 0.844349 0.025963 0.042389
