0 0.804591 0.195571 0.040042 0.057983
0 0.954152 0.420966 0.060886 0.054410
0 0.706551 0.358941 0.069895 0.035506
0 0.038065 0.042124 0.076130 0.037660
0 0.460290 0.439481 0.079039 0.036633
0 0.523928 0.872197 0.055134 0.060303
0 0.943532 0.774027 0.104380 0.064625
0 0.721768 0.574681 0.058934 0.063164
0 0.444276 0.613283 0.064231 0.080910
0 0.283859 0.527904 0.059233 0.086295
0 0.236790 0.938649 0.048419 0.056057
0 0.167565 0.992788 0.058537 0.014424
0 0.288611 0.992896 0.040976 0.014208
0 0.245834 0.112358 0.047326 0.069049
0 0.112065 0.286629 0.053507 0.054181
0 0.966158 0.353307 0.049993 0.036268
