0 0.242842 0.031892 0.048830 0.051143
0 0.425871 0.195638 0.043366 0.039613
0 0.366362 0.514265 0.059414 0.036753
0 0.131192 0.869339 0.058763 0.049789
0 0.341100 0.772584 0.058246 0.056270
0 0.524052 0.567592 0.072058 0.046161
0 0.646868 0.439149 0.064981 0.069258
0 0.576493 0.407254 0.052886 0.064591
0 0.888145 0.466488 0.029280 0.053318
0 0.914019 0.462047 0.022199 0.038456
0 0.902804 0.609098 0.040320 0.031257
0 0.918122 0.666070 0.027183 0.046224
0 0.937588 0.666554 0.022678 0.031206
0 0.846987 0.762342 0.016323 0.022738
0 0.825834 0.742056 0.019033 0.062019
