0 0.717309 0.097518 0.115427 0.062417
0 0.781227 0.176565 0.040355 0.055561
0 0.741120 0.224603 0.090887 0.044013
0 0.969997 0.553320 0.058542 0.052509
0 0.824360 0.513021 0.044570 0.030186
0 0.722623 0.505331 0.042962 0.068144
0 0.594380 0.552875 0.100877 0.105902
0 0.817034 0.910257 0.090002 0.089087
0 0.380723 0.499419 0.140771 0.083727
0 0.222714 0.522499 0.062693 0.035718
0 0.227761 0.569624 0.069682 0.032664
0 0.051047 0.616700 0.064180 0.104359
0 0.067596 0.437287 0.064021 0.059715
0 0.180025 0.317267 0.062461 0.056509
0 0.234919 0.388134 0.084540 0.038678
0 0.519335 0.400819 0.028626 0.051489
0 0.527319 0.575284 0.033711 0.041604
0 0.530774 0.528740 0.033641 0.040004
0 0.539800 0.449638 0.059207 0.029709
0 0.544227 0.424327 0.053519 0.020241
0 0.523536 0.487429 0.027970 0.036320
0 0.563872 0.479505 0.060822 0.025605
