0 0.285913 0.832146 0.057583 0.059614
0 0.344217 0.831383 0.071635 0.047056
0 0.296997 0.981158 0.072894 0.037683
0 0.221397 0.924155 0.065200 0.044633
0 0.183132 0.627220 0.106685 0.087993
0 0.536165 0.531741 0.080147 0.052586
0 0.071631 0.194100 0.120210 0.051430
0 0.289555 0.062752 0.112410 0.048539
0 0.555992 0.184754 0.072159 0.065894
0 0.790582 0.589623 0.062148 0.082462
0 0.661042 0.500942 0.048628 0.069662
0 0.634367 0.585089 0.067276 0.087007
0 0.505046 0.603438 0.067338 0.079172
0 0.379059 0.562460 0.074924 0.083733
0 0.029767 0.428638 0.059534 0.112554
0 0.637424 0.126445 0.046053 0.060477
0 0.562822 0.132513 0.077118 0.044721
0 0.726842 0.333773 0.047605 0.065313
0 0.141638 0.532431 0.060164 0.052126
