0 0.127377 0.089531 0.073206 0.073956
0 0.057501 0.530598 0.060390 0.060856
0 0.286525 0.126212 0.063908 0.067627
0 0.369797 0.079380 0.051915 0.051150
0 0.803253 0.033215 0.080179 0.056130
0 0.996310 0.141562 0.007381 0.032860
0 0.966810 0.262460 0.066380 0.070503
0 0.964487 0.827724 0.056893 0.047251
0 0.967008 0.873636 0.050462 0.041020
0 0.883205 0.539669 0.047975 0.046757
0 0.873089 0.609812 0.039578 0.037010
0 0.217927 0.591916 0.064909 0.061503
0 0.055977 0.428950 0.042140 0.044079
0 0.373593 0.827402 0.047331 0.045553
0 0.365534 0.901508 0.051556 0.056582
0 0.666120 0.962877 0.035438 0.040343
