0 0.848368 0.701708 0.039860 0.078513
0 0.907651 0.702036 0.057066 0.056849
0 0.879265 0.450043 0.079470 0.061225
0 0.975672 0.426331 0.048655 0.062973
0 0.685200 0.555112 0.044151 0.066812
0 0.631453 0.761134 0.040113 0.060039
0 0.629219 0.694688 0.035019 0.044926
0 0.622804 0.848659 0.020683 0.055083
0 0.063706 0.323391 0.106847 0.089074
0 0.647994 0.088941 0.039757 0.069979
0 0.837537 0.029237 0.052235 0.034008
0 0.783499 0.259922 0.064561 0.085299
0 0.967807 0.146884 0.045775 0.036968
0 0.993036 0.070811 0.013928 0.038431
0 0.903739 0.132573 0.040555 0.037497
0 0.868473 0.120187 0.024988 0.041068
0 0.812520 0.194245 0.056240 0.041393
0 0.538870 0.511860 0.065021 0.038200
0 0.537091 0.542795 0.035475 0.031446
0 0.181368 0.439674 0.025523 0.096662
0 0.154278 0.485147 0.017388 0.116219
0 0.189914 0.553511 0.019318 0.061576
0 0.157375 0.571401 0.017297 0.042504
0 0.126835 0.546296 0.021822 0.037887
0 0.250234 0.874231 0.035966 0.030856
0 0.588804 0.369403 0.045911 0.040192
0 0.879746 0.564244 0.040562 0.028268
0 0.530328 0.565234 0.039120 0.029005
0 0.470834 0.640973 0.060522 0.038924
0 0.045738 0.513019 0.090719 0.099151
