0 0.491191 0.190810 0.155159 0.047613
0 0.486881 0.218704 0.153119 0.050466
0 0.480224 0.243728 0.156151 0.047158
0 0.478231 0.271274 0.149021 0.046159
0 0.474367 0.297490 0.159061 0.048811
0 0.465996 0.319489 0.159658 0.049479
0 0.462216 0.347128 0.148215 0.051825
0 0.454756 0.370967 0.145502 0.049627
0 0.452165 0.393558 0.150591 0.045528
0 0.157679 0.162818 0.060616 0.133992
0 0.025556 0.169977 0.051112 0.060516
0 0.402937 0.121580 0.066723 0.142893
0 0.757274 0.266506 0.090826 0.104631
0 0.765755 0.019376 0.055131 0.033763
0 0.865218 0.049721 0.045045 0.032133
