0 0.136615 0.101199 0.092011 0.102444
0 0.070495 0.310604 0.057463 0.066192
0 0.379111 0.509294 0.044889 0.042404
0 0.338899 0.431879 0.052578 0.055730
0 0.599694 0.319375 0.062641 0.056334
0 0.615264 0.232759 0.058515 0.065210
0 0.608951 0.730921 0.048027 0.045771
0 0.765238 0.873100 0.044171 0.048382
0 0.174618 0.976188 0.052283 0.047624
0 0.959955 0.592083 0.061767 0.062791
0 0.894699 0.595959 0.045963 0.048689
0 0.838162 0.685466 0.052308 0.053739
0 0.561120 0.128381 0.061561 0.061361
0 0.087658 0.599383 0.043271 0.046505
0 0.662537 0.420552 0.053211 0.043879
0 0.648505 0.480434 0.056374 0.044880
0 0.661201 0.759221 0.033099 0.032226
0 0.638180 0.762784 0.049437 0.053526
