0 0.887731 0.079332 0.078138 0.058132
0 0.573299 0.089151 0.083848 0.061783
0 0.332932 0.106999 0.083538 0.064024
0 0.300336 0.248811 0.053563 0.040258
0 0.229109 0.393893 0.043809 0.036300
0 0.575055 0.191387 0.041181 0.029688
0 0.977674 0.158438 0.044652 0.020215
0 0.977744 0.185453 0.044512 0.025940
0 0.869933 0.555039 0.048163 0.039486
0 0.897938 0.387769 0.069378 0.073027
0 0.959963 0.396149 0.063726 0.062886
0 0.758505 0.267892 0.059828 0.041094
0 0.169249 0.088826 0.038832 0.022191
0 0.075915 0.157233 0.024140 0.018415
0 0.068963 0.179715 0.022782 0.020007
0 0.062412 0.204393 0.020436 0.020722
