0 0.901836 0.519807 0.045580 0.042411
0 0.954158 0.368643 0.075690 0.075183
0 0.601351 0.366144 0.059682 0.061854
0 0.565610 0.094348 0.052959 0.047021
0 0.278605 0.293747 0.069703 0.066171
0 0.390645 0.403353 0.081224 0.078093
0 0.768239 0.633752 0.074259 0.029069
0 0.596301 0.901707 0.058892 0.058321
0 0.659517 0.925796 0.049230 0.038593
0 0.634130 0.715640 0.041490 0.047253
0 0.684181 0.697566 0.044635 0.034244
0 0.650394 0.802859 0.041789 0.041555
0 0.447742 0.917520 0.053084 0.049887
0 0.698013 0.976442 0.049198 0.046848
