0 0.909155 0.838538 0.037111 0.042676
0 0.989997 0.759500 0.020005 0.031464
0 0.919153 0.224645 0.017412 0.069020
0 0.626607 0.897519 0.017603 0.066196
0 0.440512 0.816440 0.062053 0.067882
0 0.485567 0.422799 0.037191 0.096785
0 0.253756 0.980820 0.044920 0.038360
0 0.263945 0.918651 0.049363 0.074496
0 0.245744 0.656250 0.040769 0.049065
0 0.114220 0.716348 0.096847 0.130560
0 0.046057 0.089907 0.050528 0.058063
0 0.338362 0.268343 0.027700 0.061219
0 0.487678 0.013724 0.037958 0.025338
0 0.521068 0.240949 0.017378 0.078429
0 0.269429 0.061323 0.033050 0.033766
0 0.320384 0.050649 0.043835 0.046250
0 0.210894 0.274063 0.057986 0.107949
0 0.345957 0.889044 0.016041 0.035349
0 0.075775 0.297822 0.031175 0.095591
