0 0.378943 0.068647 0.090534 0.021156
0 0.340884 0.098468 0.179541 0.020127
0 0.265271 0.124693 0.183144 0.020383
0 0.500561 0.112067 0.079259 0.022077
0 0.509576 0.140583 0.078319 0.018547
0 0.520074 0.171206 0.062435 0.016701
0 0.535068 0.196750 0.051416 0.013176
0 0.549426 0.224295 0.038334 0.019235
0 0.583831 0.265056 0.088399 0.013902
0 0.593716 0.291644 0.097885 0.015656
0 0.556683 0.318817 0.035763 0.013233
0 0.472465 0.257618 0.107846 0.014421
0 0.467701 0.283012 0.101004 0.016640
0 0.484672 0.309471 0.074575 0.014630
0 0.410267 0.197372 0.042582 0.015673
0 0.350838 0.216336 0.063108 0.018668
0 0.344559 0.244129 0.044301 0.015275
0 0.363805 0.307430 0.044602 0.020021
0 0.368443 0.335933 0.045786 0.015528
0 0.386284 0.364150 0.040990 0.022003
0 0.378285 0.391464 0.029474 0.009948
