0 0.153957 0.452725 0.189382 0.143682
0 0.081994 0.803300 0.101623 0.084489
0 0.194296 0.942004 0.050907 0.051704
0 0.489267 0.938643 0.080563 0.072906
0 0.487444 0.721386 0.078487 0.078886
0 0.601730 0.758944 0.056634 0.051277
0 0.788989 0.908809 0.056863 0.052944
0 0.401653 0.975552 0.066929 0.043330
0 0.065260 0.338432 0.065185 0.073963
0 0.171776 0.180296 0.169326 0.155522
0 0.241618 0.121770 0.057269 0.051961
0 0.055285 0.009479 0.045595 0.018959
0 0.029352 0.240971 0.043807 0.079092
0 0.402982 0.426688 0.064274 0.061333
0 0.474427 0.501430 0.065949 0.063240
0 0.359323 0.280867 0.077513 0.071370
0 0.326501 0.026466 0.078852 0.052932
0 0.476124 0.034058 0.095237 0.068115
0 0.679152 0.116755 0.079590 0.080404
0 0.475804 0.281269 0.071627 0.073588
0 0.798089 0.162241 0.073732 0.071377
0 0.816339 0.325319 0.073513 0.067872
0 0.776008 0.496803 0.069206 0.066607
0 0.691432 0.563167 0.107508 0.092710
0 0.637260 0.534142 0.052584 0.050181
0 0.579492 0.445868 0.076880 0.091894
0 0.579951 0.370269 0.048816 0.043601
0 0.730111 0.065076 0.074631 0.066978
0 0.719071 0.029853 0.087216 0.043952
0 0.902717 0.831631 0.055173 0.045079
0 0.288174 0.418612 0.050804 0.051347
0 0.383973 0.340161 0.091939 0.079926
0 0.348484 0.091444 0.048754 0.047914
