0 0.551863 0.632343 0.080302 0.048669
0 0.467785 0.690176 0.048145 0.083842
0 0.454450 0.825286 0.030653 0.076593
0 0.940951 0.777649 0.054367 0.065726
0 0.703729 0.241936 0.049812 0.091069
0 0.916331 0.135204 0.039878 0.047847
0 0.462462 0.276278 0.054631 0.045955
0 0.279513 0.237262 0.056419 0.045716
0 0.227654 0.064336 0.047838 0.064966
0 0.438576 0.023881 0.088466 0.047761
0 0.085337 0.273837 0.047109 0.052299
0 0.167190 0.360055 0.070331 0.050704
0 0.054025 0.507593 0.040372 0.046174
0 0.814986 0.628022 0.024290 0.069094
