0 0.905787 0.192198 0.100835 0.064859
0 0.974088 0.531821 0.051824 0.083661
0 0.792021 0.543683 0.082484 0.059642
0 0.608041 0.098539 0.046997 0.052083
0 0.793569 0.953670 0.062393 0.055217
0 0.628091 0.920275 0.049853 0.070927
0 0.624875 0.669594 0.037840 0.044928
0 0.256537 0.386108 0.089526 0.115822
0 0.285801 0.138401 0.050467 0.091166
0 0.092264 0.084268 0.057236 0.073298
0 0.383305 0.111536 0.072096 0.037861
0 0.075682 0.468166 0.094415 0.042932
0 0.406931 0.426038 0.058823 0.121235
0 0.977988 0.918425 0.030144 0.047826
0 0.499828 0.689995 0.039941 0.046147
