0 0.912460 0.212184 0.103965 0.058742
0 0.435971 0.246718 0.097769 0.054483
0 0.453632 0.309834 0.099918 0.065311
0 0.485200 0.028272 0.048745 0.020881
0 0.418069 0.047248 0.046749 0.026740
0 0.327526 0.019019 0.064439 0.024306
0 0.260513 0.062993 0.068247 0.033418
0 0.250959 0.025615 0.066530 0.023744
0 0.079272 0.032358 0.052145 0.024167
0 0.012033 0.421181 0.024067 0.023533
0 0.123268 0.387778 0.078358 0.020922
0 0.130873 0.426940 0.065876 0.023040
0 0.124933 0.457317 0.043286 0.021338
0 0.277478 0.393088 0.034202 0.020280
