0 0.876391 0.510576 0.051594 0.063478
0 0.953924 0.901195 0.054786 0.058070
0 0.872409 0.917986 0.130003 0.129728
0 0.112550 0.134778 0.042175 0.045049
0 0.025568 0.245772 0.048255 0.043591
0 0.088120 0.230567 0.034558 0.036821
0 0.471013 0.880999 0.037762 0.036972
0 0.455810 0.904814 0.035447 0.035600
0 0.574631 0.945832 0.058721 0.044442
0 0.078851 0.851999 0.038201 0.039845
0 0.335248 0.985534 0.045486 0.028931
0 0.241669 0.154129 0.057818 0.025526
0 0.324674 0.019075 0.075752 0.026668
0 0.968823 0.302023 0.047198 0.016006
