0 0.310533 0.144927 0.077781 0.037417
0 0.312314 0.085536 0.056406 0.055234
0 0.563175 0.122787 0.059375 0.079322
0 0.590339 0.025397 0.062047 0.050794
0 0.451402 0.313005 0.066203 0.042167
0 0.244181 0.359575 0.060266 0.038116
0 0.309940 0.364029 0.045720 0.036336
0 0.155563 0.365067 0.055220 0.018819
0 0.661293 0.942259 0.086392 0.108094
0 0.915866 0.366845 0.068875 0.038191
0 0.982247 0.179341 0.033013 0.051602
0 0.749762 0.225107 0.085203 0.062361
0 0.869107 0.044854 0.035923 0.045139
0 0.942436 0.014409 0.046016 0.028817
0 0.881280 0.109293 0.036516 0.039792
0 0.892413 0.145052 0.040969 0.024102
0 0.816412 0.198344 0.039780 0.056347
0 0.489550 0.460669 0.036812 0.064294
0 0.458527 0.461484 0.030578 0.035041
0 0.549223 0.820534 0.096783 0.028566
0 0.502761 0.846045 0.116672 0.021380
0 0.435667 0.808034 0.062047 0.021383
0 0.416667 0.839808 0.043047 0.018413
0 0.441010 0.871312 0.037705 0.023111
0 0.116672 0.736512 0.030875 0.034952
0 0.633536 0.415753 0.039781 0.045731
0 0.449174 0.118325 0.027311 0.040038
0 0.435815 0.467423 0.027908 0.038605
0 0.358034 0.524143 0.037408 0.060580
0 0.470995 0.953283 0.098267 0.090941
