0 0.157972 0.910046 0.046584 0.048361
0 0.369325 0.783714 0.037375 0.035095
0 0.373509 0.459517 0.055595 0.043666
0 0.208609 0.064442 0.051730 0.046612
0 0.393750 0.203397 0.061271 0.063766
0 0.537093 0.438639 0.067759 0.042705
0 0.631958 0.588225 0.057345 0.060892
0 0.557632 0.604920 0.042765 0.062015
0 0.874619 0.606958 0.018568 0.057925
0 0.899392 0.616297 0.016683 0.035933
0 0.916508 0.469637 0.036391 0.026797
0 0.942240 0.416280 0.019605 0.044286
0 0.961228 0.420345 0.017273 0.030337
0 0.890839 0.309172 0.019269 0.024464
0 0.868648 0.324423 0.024614 0.064231
