0 0.870155 0.892429 0.091509 0.102643
0 0.932711 0.681892 0.057889 0.066135
0 0.620737 0.488620 0.044500 0.041985
0 0.662326 0.565341 0.052472 0.055360
0 0.403473 0.682274 0.062518 0.055873
0 0.389434 0.769219 0.057954 0.065228
0 0.387055 0.271000 0.048139 0.045788
0 0.228324 0.131556 0.044177 0.048350
0 0.816939 0.021019 0.052215 0.042039
0 0.038513 0.415967 0.061386 0.062821
0 0.103672 0.410903 0.045707 0.048682
0 0.158641 0.320454 0.052430 0.053850
0 0.445342 0.872640 0.061453 0.061003
0 0.910553 0.393408 0.043054 0.046410
0 0.338866 0.582337 0.053407 0.043194
0 0.351846 0.522177 0.056143 0.044769
0 0.334318 0.243621 0.033071 0.032424
0 0.357273 0.239691 0.048942 0.053983
