0 0.041243 0.069418 0.078593 0.069260
0 0.228857 0.576654 0.080388 0.049787
0 0.273728 0.451218 0.051898 0.104093
0 0.398445 0.567155 0.038021 0.048186
0 0.552768 0.341075 0.040115 0.038049
0 0.630352 0.767959 0.074434 0.083709
0 0.662792 0.950111 0.063639 0.050436
0 0.794174 0.750048 0.080237 0.057455
0 0.965341 0.596015 0.038754 0.055018
0 0.789221 0.258273 0.052630 0.073827
0 0.667182 0.207864 0.020982 0.035208
0 0.631808 0.197301 0.039288 0.025807
0 0.375217 0.976648 0.035563 0.045764
0 0.293427 0.757823 0.057665 0.042517
0 0.294440 0.226028 0.042028 0.048686
0 0.287255 0.265529 0.039869 0.031877
0 0.178037 0.450659 0.023644 0.056192
0 0.590305 0.103383 0.075084 0.069226
