0 0.695968 0.037985 0.052148 0.063986
0 0.392516 0.792734 0.107200 0.118275
0 0.027624 0.606068 0.055248 0.068045
0 0.047464 0.916207 0.056601 0.055264
0 0.097106 0.842932 0.048193 0.056624
0 0.014487 0.806851 0.028974 0.037473
0 0.038365 0.798963 0.034244 0.040170
0 0.071002 0.792581 0.040952 0.056817
0 0.937604 0.723255 0.024532 0.112155
0 0.523252 0.684822 0.064276 0.056157
0 0.596591 0.092321 0.032731 0.062358
0 0.564767 0.088410 0.032707 0.058179
0 0.994843 0.107597 0.010313 0.056914
0 0.355809 0.704940 0.135810 0.119142
0 0.468641 0.859708 0.111266 0.113622
0 0.538586 0.798416 0.057487 0.104968
0 0.956378 0.877291 0.052125 0.027522
