0 0.359149 0.032653 0.071454 0.048426
0 0.540850 0.178658 0.041644 0.043307
0 0.708046 0.083728 0.073438 0.071088
0 0.774930 0.014712 0.080115 0.029424
0 0.943560 0.166637 0.068960 0.070449
0 0.890428 0.446911 0.077250 0.073333
0 0.384243 0.523666 0.049319 0.036314
0 0.432195 0.524622 0.050036 0.038227
0 0.138408 0.845036 0.078213 0.045307
0 0.183072 0.951825 0.113059 0.048898
0 0.612487 0.641584 0.067001 0.050020
0 0.665226 0.509074 0.051672 0.047716
0 0.329183 0.989610 0.057900 0.020780
0 0.454895 0.292531 0.062425 0.023272
0 0.279753 0.486723 0.044506 0.046596
