0 0.981791 0.643233 0.036419 0.081718
0 0.341708 0.896718 0.068601 0.051341
0 0.157658 0.851924 0.069417 0.061648
0 0.488517 0.898569 0.040673 0.089794
0 0.333299 0.516080 0.033048 0.125055
0 0.359801 0.520377 0.030837 0.140433
0 0.425100 0.540809 0.042371 0.084584
0 0.392123 0.545643 0.022400 0.080121
0 0.387809 0.466131 0.018366 0.047563
0 0.691731 0.508637 0.022334 0.075642
0 0.662802 0.519797 0.019101 0.052742
0 0.606127 0.526665 0.019855 0.063397
0 0.632096 0.519243 0.024142 0.059346
0 0.180686 0.657737 0.061103 0.075507
