0 0.384901 0.975821 0.093927 0.031268
0 0.481720 0.756661 0.069732 0.049472
0 0.354182 0.384109 0.060195 0.079933
0 0.045377 0.280122 0.048030 0.041287
0 0.132550 0.299854 0.042690 0.061569
0 0.229619 0.419728 0.042954 0.042793
0 0.303648 0.205747 0.046405 0.043465
0 0.259324 0.164047 0.053267 0.039523
0 0.173901 0.190127 0.080088 0.028633
0 0.071856 0.169832 0.070878 0.026958
0 0.225375 0.008995 0.055523 0.017990
0 0.571079 0.049576 0.056761 0.057045
0 0.655616 0.131236 0.054871 0.062971
0 0.595405 0.214087 0.044293 0.051905
0 0.699675 0.222010 0.057652 0.058140
0 0.676389 0.423122 0.054819 0.056143
0 0.805951 0.206299 0.066770 0.084565
0 0.205688 0.151236 0.034850 0.041117
0 0.395420 0.828760 0.073409 0.022604
0 0.694788 0.913840 0.028247 0.028492
0 0.684790 0.939385 0.028164 0.029298
0 0.907836 0.379741 0.093084 0.058116
0 0.190280 0.522694 0.046040 0.047447
0 0.373902 0.602071 0.038244 0.040677
0 0.824452 0.281790 0.072507 0.047387
0 0.784491 0.252274 0.024637 0.020539
0 0.818196 0.709955 0.023306 0.019061
0 0.811694 0.737931 0.022724 0.019266
0 0.525322 0.243453 0.057289 0.071549
