0 0.045847 0.872627 0.085968 0.082325
0 0.059211 0.684475 0.071720 0.062124
0 0.163254 0.795301 0.049610 0.048948
0 0.112975 0.962928 0.120082 0.059430
0 0.028371 0.975363 0.056742 0.030209
0 0.578321 0.938109 0.047665 0.048571
0 0.945187 0.857602 0.029524 0.033901
0 0.965148 0.868286 0.030702 0.036835
0 0.867069 0.587830 0.071536 0.094091
0 0.770411 0.560515 0.049006 0.045939
0 0.769115 0.616629 0.075124 0.051809
0 0.732364 0.612673 0.057260 0.041956
0 0.981948 0.454861 0.036104 0.063476
0 0.677915 0.226216 0.053181 0.055754
0 0.682209 0.118190 0.045862 0.052862
0 0.045987 0.240541 0.080448 0.072848
0 0.616944 0.626839 0.052408 0.040140
0 0.112632 0.755590 0.098563 0.101540
0 0.609892 0.979552 0.079326 0.040896
