0 0.199445 0.979592 0.071271 0.040816
0 0.378692 0.961899 0.057112 0.069940
0 0.254378 0.874479 0.045667 0.046943
0 0.092095 0.945566 0.061228 0.108867
0 0.054937 0.483824 0.047484 0.046091
0 0.083782 0.108537 0.033860 0.032633
0 0.070604 0.090597 0.036883 0.033721
0 0.361699 0.148219 0.095096 0.063566
0 0.402691 0.240482 0.042818 0.046264
0 0.347218 0.249730 0.044402 0.076770
0 0.356663 0.285580 0.036487 0.058711
0 0.474711 0.016584 0.058255 0.033167
0 0.746375 0.285946 0.053382 0.050553
0 0.852695 0.266388 0.048500 0.041754
0 0.820512 0.913285 0.066424 0.079057
0 0.358517 0.401578 0.034900 0.053091
0 0.300507 0.918664 0.096049 0.092741
0 0.013793 0.459216 0.027586 0.078243
