0 0.728795 0.219120 0.076507 0.040184
0 0.598768 0.188675 0.073471 0.060621
0 0.454698 0.083982 0.058247 0.061240
0 0.687271 0.469783 0.052083 0.072836
0 0.723177 0.581979 0.061504 0.039257
0 0.727837 0.711396 0.042939 0.030414
0 0.708030 0.753542 0.076015 0.027110
0 0.170032 0.671484 0.080400 0.052261
0 0.185008 0.745245 0.057775 0.033343
0 0.376818 0.782079 0.037970 0.017468
0 0.380541 0.807132 0.037428 0.018147
0 0.379376 0.830189 0.039465 0.017104
0 0.079641 0.765960 0.059192 0.018620
0 0.189502 0.347296 0.037603 0.019472
0 0.190481 0.366989 0.041499 0.017522
0 0.189034 0.387517 0.040966 0.016376
0 0.185540 0.410497 0.039631 0.017139
0 0.124887 0.941303 0.042141 0.052518
0 0.232389 0.815681 0.045341 0.044406
0 0.681827 0.875563 0.024922 0.032101
