0 0.535449 0.637865 0.076945 0.039942
0 0.445052 0.684942 0.039392 0.080273
0 0.415127 0.817453 0.022024 0.076239
0 0.903901 0.829179 0.049370 0.064464
0 0.733798 0.269012 0.040709 0.087424
0 0.957931 0.188732 0.036166 0.044003
0 0.489959 0.273318 0.051904 0.040122
0 0.313289 0.212462 0.053124 0.040610
0 0.282803 0.034214 0.040801 0.061506
0 0.497284 0.019516 0.085371 0.039033
0 0.115734 0.225119 0.042041 0.048206
0 0.187815 0.320785 0.069308 0.042800
0 0.032669 0.031045 0.065339 0.046970
0 0.056116 0.453033 0.036227 0.042752
0 0.797213 0.665695 0.016607 0.068010
