0 0.879958 0.871282 0.081099 0.093431
0 0.974508 0.869771 0.050984 0.048283
0 0.840314 0.350097 0.064951 0.071696
0 0.564511 0.830767 0.082634 0.066728
0 0.588139 0.675335 0.076518 0.068563
0 0.325566 0.670281 0.047116 0.052315
0 0.203354 0.254004 0.090424 0.085466
0 0.550260 0.025912 0.074826 0.051824
0 0.756330 0.132765 0.059901 0.051017
0 0.768314 0.205758 0.024832 0.061326
0 0.190256 0.131951 0.052178 0.075361
0 0.077786 0.107615 0.058431 0.068665
0 0.329301 0.034775 0.060436 0.064036
0 0.409858 0.821427 0.045024 0.044077
0 0.449159 0.892596 0.065007 0.059455
0 0.409143 0.983057 0.057021 0.033886
0 0.493656 0.875032 0.045151 0.033703
0 0.808831 0.968978 0.068799 0.048964
0 0.722748 0.353227 0.040744 0.033692
