0 0.070122 0.661330 0.045690 0.042006
0 0.243400 0.719714 0.072870 0.055495
0 0.411419 0.782136 0.049159 0.065189
0 0.566459 0.872441 0.052238 0.062254
0 0.605757 0.947546 0.042621 0.044785
0 0.660368 0.932311 0.036539 0.031451
0 0.674556 0.907442 0.039812 0.025221
0 0.831415 0.942679 0.112486 0.049097
0 0.705502 0.690047 0.062304 0.044482
0 0.893861 0.685541 0.071351 0.053956
0 0.796074 0.447071 0.064933 0.058483
0 0.861066 0.140362 0.086312 0.084247
0 0.403781 0.359462 0.075378 0.077338
0 0.473512 0.253591 0.071635 0.065350
0 0.736073 0.896389 0.056768 0.049630
0 0.549216 0.304353 0.052016 0.047334
0 0.572742 0.192316 0.051769 0.048821
0 0.588892 0.212594 0.053544 0.047258
0 0.842550 0.023443 0.058133 0.046885
0 0.647695 0.265163 0.052027 0.051017
0 0.504189 0.348691 0.048281 0.041732
0 0.383458 0.180754 0.054559 0.055858
0 0.339884 0.205836 0.073714 0.058011
0 0.421320 0.145584 0.044973 0.046863
