0 0.889253 0.278367 0.042429 0.089062
0 0.851111 0.248089 0.062964 0.172188
0 0.806941 0.182116 0.063220 0.178590
0 0.876153 0.407033 0.039154 0.078680
0 0.851439 0.422770 0.035111 0.079620
0 0.823045 0.439252 0.029632 0.062757
0 0.803048 0.460335 0.022149 0.051126
0 0.779735 0.481045 0.027412 0.040052
0 0.747647 0.524134 0.033056 0.088399
0 0.725508 0.538707 0.037532 0.094828
0 0.689888 0.510111 0.020745 0.035121
0 0.727575 0.414503 0.037889 0.107846
0 0.703858 0.416318 0.037863 0.101727
0 0.681245 0.438514 0.032069 0.074472
0 0.772082 0.340719 0.022981 0.040230
0 0.739104 0.287562 0.033285 0.062746
0 0.711091 0.287419 0.024689 0.045656
0 0.654864 0.321023 0.022873 0.040264
0 0.627650 0.332589 0.025441 0.040845
0 0.606304 0.356551 0.021849 0.037530
0 0.575555 0.354682 0.015261 0.029083
