0 0.520425 0.097427 0.077188 0.073286
0 0.564659 0.033077 0.067094 0.062000
0 0.826802 0.341337 0.068875 0.071870
0 0.657879 0.375147 0.115783 0.114581
0 0.708942 0.409098 0.061156 0.063289
0 0.775145 0.304712 0.057000 0.046655
0 0.484503 0.535946 0.063531 0.046861
0 0.444722 0.622907 0.069469 0.049705
0 0.148438 0.450316 0.039783 0.042541
0 0.180798 0.774740 0.048689 0.050933
0 0.726606 0.027885 0.071547 0.055770
0 0.686380 0.127248 0.064719 0.055166
0 0.251158 0.571897 0.027906 0.020294
0 0.255908 0.549658 0.025531 0.017066
0 0.263923 0.527417 0.029687 0.022397
0 0.269564 0.507845 0.027906 0.018833
