0 0.475319 0.641597 0.079098 0.040741
0 0.449784 0.539422 0.067218 0.040386
0 0.377314 0.580241 0.091383 0.053030
0 0.042058 0.421958 0.056466 0.039408
0 0.057608 0.331995 0.045042 0.046600
0 0.366918 0.291248 0.057313 0.077863
0 0.628029 0.278329 0.046583 0.058425
0 0.739758 0.544500 0.071040 0.039067
0 0.624031 0.592027 0.039770 0.039213
0 0.768658 0.760709 0.119564 0.064069
0 0.963787 0.875120 0.058279 0.068946
0 0.827151 0.525492 0.063477 0.042746
0 0.928001 0.579725 0.059300 0.041058
0 0.768828 0.650180 0.045042 0.043500
0 0.896927 0.676887 0.058789 0.034070
0 0.443185 0.366325 0.077384 0.024219
0 0.180907 0.770743 0.045977 0.059503
0 0.382105 0.813247 0.040929 0.036846
0 0.446598 0.974829 0.039009 0.049312
0 0.655322 0.739557 0.034919 0.042232
0 0.822250 0.138669 0.032848 0.015369
0 0.793123 0.117413 0.084207 0.023310
0 0.315406 0.019114 0.038946 0.025474
0 0.213062 0.511548 0.073227 0.016685
0 0.015187 0.488864 0.027913 0.015421
0 0.094223 0.529630 0.064552 0.052834
0 0.013908 0.629212 0.027815 0.025033
0 0.009775 0.660495 0.019549 0.022943
0 0.204817 0.930749 0.079747 0.022371
0 0.185458 0.901005 0.036515 0.016393
0 0.615849 0.482068 0.052485 0.087909
