0 0.832985 0.248969 0.051816 0.055166
0 0.849434 0.147703 0.049361 0.060914
0 0.371471 0.161768 0.085663 0.080889
0 0.259505 0.282064 0.015495 0.074734
0 0.249779 0.090395 0.042456 0.057088
0 0.142751 0.115047 0.036568 0.040765
0 0.715522 0.842183 0.041925 0.065669
0 0.627185 0.782208 0.059959 0.052949
0 0.438040 0.761699 0.038416 0.037792
0 0.501806 0.991348 0.046727 0.017304
0 0.446385 0.991054 0.064519 0.017892
0 0.692104 0.057307 0.051937 0.063086
0 0.630552 0.051968 0.046530 0.055286
0 0.669741 0.204605 0.043206 0.044526
0 0.575142 0.127966 0.040563 0.042761
0 0.452091 0.299813 0.020592 0.023868
0 0.471062 0.134479 0.039008 0.042509
0 0.119789 0.175700 0.030524 0.037801
0 0.119858 0.307249 0.020387 0.035082
0 0.081541 0.302574 0.018234 0.033855
0 0.438517 0.871412 0.065020 0.076889
0 0.280768 0.704096 0.059897 0.042828
