0 0.559645 0.405991 0.033315 0.042384
0 0.552149 0.255342 0.044003 0.069640
0 0.586453 0.043001 0.067160 0.075427
0 0.171280 0.228791 0.048528 0.051828
0 0.182484 0.146634 0.049084 0.088471
0 0.176443 0.078124 0.043524 0.046052
0 0.154720 0.025402 0.060240 0.050805
0 0.063969 0.813243 0.049849 0.065938
0 0.231610 0.547712 0.044522 0.046960
0 0.345910 0.364604 0.037525 0.046453
0 0.765917 0.923189 0.037747 0.052545
0 0.836410 0.933223 0.035984 0.051829
0 0.793184 0.742694 0.060256 0.043372
0 0.992100 0.122613 0.015799 0.062177
0 0.569597 0.690619 0.019715 0.039000
0 0.246593 0.240721 0.020855 0.036389
0 0.209687 0.233505 0.020833 0.040647
0 0.391858 0.130868 0.025085 0.056499
