0 0.463593 0.900420 0.045040 0.049313
0 0.306738 0.931446 0.076275 0.077926
0 0.352916 0.581435 0.060232 0.061626
0 0.089081 0.508078 0.047078 0.054802
0 0.326533 0.252013 0.062350 0.073686
0 0.418675 0.378020 0.078183 0.082042
0 0.595422 0.783691 0.019345 0.074436
0 0.884244 0.651615 0.057059 0.054698
0 0.899701 0.716810 0.037410 0.048149
0 0.695102 0.662642 0.043821 0.039097
0 0.669664 0.709825 0.031891 0.043207
0 0.778802 0.691030 0.038655 0.038529
0 0.921566 0.506497 0.046753 0.052237
0 0.944216 0.762448 0.043324 0.047275
