0 0.199798 0.187579 0.123502 0.100592
0 0.094110 0.035306 0.058189 0.059909
0 0.629083 0.089420 0.049875 0.064389
0 0.475597 0.231762 0.078969 0.075103
0 0.459566 0.486199 0.077781 0.046702
0 0.118751 0.575986 0.078970 0.040334
0 0.052547 0.661700 0.045125 0.037369
0 0.579059 0.800502 0.117861 0.056352
0 0.293612 0.942140 0.096189 0.045936
0 0.399299 0.719534 0.051061 0.040338
0 0.707160 0.528757 0.096783 0.105133
0 0.787169 0.118945 0.046016 0.064656
0 0.673910 0.038569 0.038592 0.037962
0 0.972450 0.939174 0.052606 0.040005
0 0.341112 0.625724 0.036811 0.039327
0 0.961584 0.717500 0.030875 0.035081
0 0.544472 0.444088 0.063531 0.033642
0 0.169814 0.305750 0.033844 0.057625
