0 0.395642 0.369291 0.050207 0.060435
0 0.530788 0.675923 0.069210 0.066947
0 0.638139 0.909649 0.054459 0.065611
0 0.938098 0.742188 0.093764 0.060847
0 0.221835 0.120505 0.016150 0.073760
0 0.125993 0.046919 0.062763 0.059127
0 0.177561 0.056107 0.018344 0.023349
0 0.200634 0.045756 0.016463 0.019891
0 0.304902 0.197786 0.034189 0.071903
0 0.270865 0.220346 0.027625 0.061393
0 0.041320 0.395188 0.058999 0.043760
0 0.028253 0.344575 0.056506 0.044979
0 0.292900 0.439438 0.053246 0.056786
0 0.465344 0.527335 0.063358 0.050493
0 0.705035 0.550802 0.040706 0.027159
0 0.825165 0.548572 0.016661 0.038073
0 0.797474 0.535642 0.015038 0.025570
0 0.140697 0.520776 0.065073 0.050574
