0 0.607174 0.518547 0.066674 0.141176
0 0.806224 0.209980 0.053621 0.067709
0 0.818794 0.087262 0.037633 0.061166
0 0.860231 0.100607 0.053516 0.069580
0 0.927346 0.346162 0.047339 0.061471
0 0.853826 0.822767 0.051498 0.067773
0 0.721949 0.974769 0.045671 0.050462
0 0.258972 0.486032 0.042997 0.114771
0 0.425440 0.430341 0.027684 0.066775
0 0.115924 0.367774 0.039089 0.089810
0 0.297858 0.113577 0.053570 0.068143
0 0.097697 0.150029 0.044711 0.046234
0 0.534982 0.168530 0.040963 0.038437
0 0.661684 0.156984 0.039219 0.040986
0 0.593814 0.801119 0.086369 0.082325
