0 0.801026 0.695693 0.073554 0.070800
0 0.965324 0.495373 0.066911 0.086606
0 0.982635 0.898871 0.034730 0.082891
0 0.440352 0.666471 0.068020 0.045072
0 0.052657 0.633120 0.072267 0.094314
0 0.252223 0.937675 0.047297 0.059608
0 0.293985 0.919230 0.044276 0.058851
0 0.398052 0.749692 0.113889 0.028467
0 0.295302 0.634817 0.054395 0.053685
0 0.059369 0.479555 0.081487 0.047825
0 0.127069 0.455430 0.039702 0.035836
0 0.205361 0.535753 0.064435 0.028432
0 0.182170 0.387330 0.063419 0.031365
0 0.222918 0.265288 0.069031 0.051290
0 0.190792 0.317789 0.093285 0.058177
0 0.833713 0.543089 0.070086 0.037996
0 0.951190 0.425896 0.079721 0.043311
0 0.968236 0.403811 0.049665 0.032929
0 0.803421 0.060422 0.051578 0.068968
0 0.929717 0.034748 0.040710 0.056089
0 0.569630 0.186588 0.062391 0.062389
0 0.297318 0.076381 0.054263 0.047800
0 0.541766 0.488945 0.045700 0.047553
