0 0.976569 0.358492 0.027034 0.050917
0 0.737618 0.016841 0.043942 0.033681
0 0.060100 0.170355 0.076915 0.070965
0 0.010676 0.221950 0.021353 0.022471
0 0.325731 0.173189 0.069962 0.049667
0 0.339211 0.207698 0.111295 0.048973
0 0.358275 0.239377 0.103248 0.054136
0 0.368601 0.897440 0.084460 0.110946
0 0.533301 0.905210 0.048636 0.021914
0 0.537787 0.944272 0.049288 0.023495
0 0.478377 0.967233 0.036083 0.023377
0 0.430998 0.976145 0.050657 0.020889
0 0.321442 0.989392 0.066383 0.021216
0 0.553669 0.986133 0.050783 0.024790
0 0.826547 0.266020 0.054542 0.021237
