0 0.926965 0.668828 0.045290 0.041429
0 0.752721 0.724076 0.072588 0.054710
0 0.583592 0.783633 0.048316 0.064773
0 0.427030 0.871237 0.051492 0.061715
0 0.386403 0.945583 0.042211 0.044395
0 0.332095 0.929482 0.036413 0.031160
0 0.318401 0.904310 0.039725 0.024724
0 0.160698 0.937457 0.112514 0.049016
0 0.291181 0.686459 0.061925 0.043492
0 0.102947 0.678679 0.071066 0.053122
0 0.204904 0.441900 0.064544 0.058548
0 0.145266 0.134073 0.085812 0.084826
0 0.598648 0.361121 0.075623 0.077505
0 0.530836 0.254163 0.071858 0.065200
0 0.257077 0.892155 0.056538 0.049286
0 0.454246 0.303496 0.051834 0.046949
0 0.432651 0.191073 0.051212 0.049393
0 0.416143 0.211125 0.053026 0.047682
0 0.165901 0.020458 0.058224 0.040915
0 0.356452 0.262563 0.051762 0.051156
0 0.498481 0.348629 0.048503 0.041527
0 0.622069 0.182816 0.054653 0.055840
0 0.665283 0.208632 0.073806 0.058348
0 0.584848 0.147088 0.045194 0.046891
