0 0.697088 0.402706 0.090088 0.066407
0 0.898311 0.509877 0.075245 0.058155
0 0.984718 0.479606 0.029385 0.026792
0 0.015362 0.865146 0.030723 0.028544
0 0.035699 0.978800 0.047098 0.024674
0 0.001538 0.969799 0.003076 0.030803
0 0.182265 0.509526 0.040315 0.041480
0 0.977917 0.436574 0.033776 0.032378
0 0.689519 0.292847 0.100768 0.106171
0 0.015689 0.907451 0.031378 0.030237
0 0.338661 0.842238 0.036640 0.017825
0 0.342699 0.866924 0.033672 0.013696
0 0.345760 0.890083 0.033828 0.012505
0 0.347049 0.913871 0.033273 0.014860
0 0.977558 0.336747 0.044885 0.016466
0 0.987240 0.304249 0.025520 0.014874
0 0.980375 0.271068 0.039251 0.016725
0 0.980654 0.237735 0.038692 0.014095
