0 0.477636 0.876136 0.062058 0.048033
0 0.860045 0.979960 0.056973 0.040081
0 0.883864 0.907513 0.122048 0.136251
0 0.169944 0.082427 0.047591 0.044835
0 0.287273 0.014981 0.044002 0.029961
0 0.268940 0.066154 0.036569 0.037534
0 0.882099 0.504262 0.035163 0.038331
0 0.907125 0.491258 0.034060 0.036187
0 0.937830 0.612964 0.041131 0.059560
0 0.887178 0.112043 0.036928 0.037524
0 0.991842 0.382597 0.016316 0.033217
0 0.178275 0.212628 0.029758 0.057888
0 0.033038 0.282379 0.026874 0.075233
0 0.261721 0.949855 0.019572 0.048271
