0 0.291671 0.391132 0.090458 0.060366
0 0.303906 0.450962 0.112468 0.068137
0 0.322755 0.492131 0.092640 0.042964
0 0.209562 0.530391 0.044395 0.043004
0 0.343132 0.535711 0.090364 0.061082
0 0.849899 0.457602 0.135225 0.094303
0 0.939678 0.455705 0.055605 0.061433
0 0.964281 0.704059 0.036574 0.063010
0 0.706831 0.425262 0.095038 0.082464
0 0.674739 0.385222 0.052236 0.054594
0 0.496052 0.489216 0.054122 0.048133
0 0.465292 0.341727 0.077173 0.044361
0 0.559067 0.253366 0.054507 0.047555
0 0.698149 0.184747 0.056675 0.063385
0 0.651873 0.109024 0.059575 0.063919
0 0.600493 0.040011 0.051230 0.047261
0 0.423999 0.047080 0.048056 0.059270
0 0.418306 0.010817 0.050565 0.021634
0 0.255284 0.012668 0.061104 0.025337
0 0.882103 0.054565 0.076179 0.029648
0 0.238303 0.754497 0.036542 0.045072
0 0.166424 0.809763 0.041583 0.037120
0 0.425193 0.930334 0.054142 0.046944
