0 0.391357 0.499692 0.043826 0.140235
0 0.248620 0.161016 0.047197 0.060956
0 0.258129 0.038112 0.029058 0.058171
0 0.214843 0.043575 0.043389 0.066030
0 0.106263 0.274377 0.039197 0.057429
0 0.095025 0.756061 0.042340 0.063446
0 0.199495 0.953014 0.040353 0.093971
0 0.739295 0.529152 0.023587 0.117368
0 0.585286 0.444470 0.016901 0.066750
0 0.899469 0.435951 0.027394 0.091444
0 0.766498 0.153511 0.046195 0.063508
0 0.957093 0.225338 0.039252 0.040490
0 0.524120 0.167448 0.037742 0.033228
0 0.400806 0.134019 0.034748 0.037131
0 0.046569 0.102441 0.027151 0.039171
0 0.354043 0.784579 0.074173 0.082585
