0 0.401080 0.408710 0.078377 0.069995
0 0.419042 0.553741 0.104203 0.062283
0 0.474112 0.613652 0.036813 0.038556
0 0.538089 0.603568 0.032359 0.039742
0 0.758817 0.462096 0.058781 0.046267
0 0.304744 0.479595 0.046609 0.057539
0 0.102719 0.549293 0.046906 0.051014
0 0.180947 0.376975 0.062641 0.063469
0 0.212118 0.296599 0.053736 0.068808
0 0.134188 0.256857 0.081345 0.072367
0 0.018258 0.256561 0.036516 0.036184
0 0.376885 0.299269 0.062642 0.048047
0 0.292275 0.396847 0.046609 0.040337
0 0.453777 0.192795 0.066797 0.074739
0 0.426909 0.124580 0.054033 0.053388
0 0.609785 0.035603 0.070658 0.058131
