0 0.778325 0.952412 0.046368 0.041453
0 0.169174 0.876480 0.069419 0.025754
0 0.876138 0.684548 0.067786 0.018778
0 0.821724 0.485212 0.073414 0.068985
0 0.425439 0.475172 0.100480 0.049550
0 0.947172 0.324346 0.075902 0.055292
0 0.690316 0.269982 0.051523 0.044447
0 0.767352 0.148156 0.133348 0.106950
0 0.154063 0.010605 0.055296 0.021211
0 0.293337 0.307918 0.061053 0.034594
0 0.020059 0.419164 0.030149 0.039016
0 0.240310 0.483422 0.077293 0.025348
0 0.097439 0.210318 0.037202 0.036822
0 0.079736 0.259889 0.049981 0.047600
0 0.316204 0.182206 0.110600 0.069884
0 0.906558 0.401600 0.033433 0.020805
0 0.358705 0.051830 0.094511 0.043235
