0 0.068579 0.637491 0.078377 0.041753
0 0.165657 0.523549 0.074220 0.039198
0 0.636801 0.918077 0.039189 0.036484
0 0.802458 0.807440 0.055813 0.026133
0 0.863021 0.942275 0.041564 0.036791
0 0.591379 0.537726 0.024345 0.034602
0 0.618097 0.538171 0.025531 0.037273
0 0.978387 0.899519 0.040731 0.022525
0 0.988481 0.927873 0.020544 0.016891
0 0.986225 0.953543 0.018406 0.017817
0 0.500831 0.939586 0.026125 0.029103
0 0.508253 0.905160 0.024344 0.026686
0 0.546847 0.790810 0.035031 0.019005
0 0.658473 0.542554 0.035031 0.039198
