0 0.409594 0.400514 0.075545 0.064295
0 0.414072 0.546106 0.103909 0.054076
0 0.464010 0.611360 0.039441 0.036098
0 0.529067 0.606429 0.029714 0.037780
0 0.761136 0.484798 0.062590 0.040968
0 0.307258 0.462616 0.042258 0.054836
0 0.099967 0.514325 0.043664 0.048595
0 0.192720 0.349623 0.059368 0.061054
0 0.230996 0.272503 0.049905 0.065959
0 0.156917 0.225770 0.078470 0.068470
0 0.041013 0.216348 0.038940 0.035168
0 0.395059 0.289134 0.061103 0.044345
0 0.302177 0.379019 0.044535 0.037338
0 0.480924 0.190077 0.064082 0.072126
0 0.459622 0.119457 0.052328 0.051321
0 0.650115 0.046913 0.070051 0.054702
