0 0.507241 0.643550 0.073543 0.050077
0 0.544851 0.545139 0.070417 0.048059
0 0.611359 0.594751 0.092700 0.063458
0 0.963868 0.478237 0.059836 0.045639
0 0.959564 0.387070 0.041187 0.043204
0 0.657168 0.308419 0.065129 0.080416
0 0.399338 0.264995 0.045600 0.054645
0 0.256393 0.515378 0.067915 0.032415
0 0.366016 0.577362 0.036391 0.037722
0 0.201438 0.725679 0.117264 0.051678
0 0.010086 0.813083 0.020173 0.060040
0 0.172394 0.484180 0.059307 0.038806
0 0.064749 0.527793 0.056513 0.036481
0 0.214897 0.616317 0.041187 0.040482
0 0.084480 0.627148 0.054211 0.040886
0 0.572777 0.374448 0.077386 0.033064
0 0.783816 0.807434 0.039732 0.056219
0 0.578133 0.822958 0.038884 0.036819
0 0.494849 0.975675 0.044153 0.048650
0 0.316628 0.718806 0.031335 0.039619
0 0.223902 0.103894 0.031299 0.015649
0 0.254682 0.085155 0.084409 0.018656
0 0.740803 0.045370 0.039012 0.029681
0 0.783128 0.544660 0.073653 0.019434
0 0.983261 0.548860 0.027641 0.017050
0 0.898996 0.578931 0.061171 0.048066
0 0.968068 0.687616 0.029752 0.022132
0 0.967791 0.719176 0.020417 0.020686
0 0.739766 0.963895 0.079299 0.019525
0 0.762352 0.936307 0.036288 0.020056
0 0.388352 0.469576 0.050449 0.086747
