0 0.694335 0.056932 0.063690 0.074586
0 0.455386 0.062846 0.070184 0.073838
0 0.331606 0.095898 0.076300 0.065383
0 0.940420 0.206523 0.051487 0.085576
0 0.758493 0.407704 0.057417 0.041951
0 0.627018 0.395197 0.065561 0.089038
0 0.509824 0.381477 0.059003 0.056589
0 0.501590 0.507216 0.071368 0.045589
0 0.810298 0.541382 0.066385 0.044858
0 0.796477 0.695791 0.046788 0.069034
0 0.918585 0.692811 0.048949 0.035267
0 0.813717 0.854447 0.059608 0.039802
0 0.528131 0.702377 0.040696 0.057029
0 0.612960 0.878555 0.026692 0.022656
0 0.610783 0.850496 0.050240 0.033025
