0 0.302171 0.946887 0.076716 0.083272
0 0.827132 0.275859 0.059710 0.042406
0 0.753514 0.318274 0.042606 0.077166
0 0.285754 0.115151 0.035229 0.074768
0 0.124527 0.075019 0.032861 0.116942
0 0.177525 0.668244 0.039451 0.040885
0 0.665502 0.844768 0.053655 0.070446
0 0.888970 0.238854 0.040852 0.048184
0 0.822316 0.465454 0.024149 0.076261
0 0.935267 0.426404 0.016527 0.048990
0 0.238860 0.088706 0.042418 0.061826
0 0.469329 0.632889 0.095332 0.054929
0 0.330516 0.621620 0.047443 0.083920
0 0.317215 0.822024 0.048735 0.051147
0 0.220541 0.962387 0.043099 0.051125
0 0.161930 0.958441 0.044621 0.051147
