0 0.845493 0.676475 0.054366 0.074108
0 0.950231 0.294327 0.039210 0.052284
0 0.773384 0.477606 0.063234 0.055445
0 0.877521 0.166404 0.065166 0.058840
0 0.906972 0.097862 0.067211 0.084397
0 0.785832 0.051588 0.055902 0.059201
0 0.540512 0.032967 0.070133 0.063169
0 0.456781 0.087584 0.051367 0.044151
0 0.290765 0.106683 0.047333 0.059203
0 0.264390 0.315124 0.069002 0.079798
0 0.330529 0.244595 0.065551 0.068850
0 0.364409 0.724184 0.067767 0.067407
0 0.396923 0.081515 0.047051 0.050848
0 0.475432 0.167725 0.058952 0.065119
0 0.479762 0.207776 0.038477 0.048433
