0 0.376363 0.191456 0.048975 0.059985
0 0.525935 0.694092 0.040779 0.098712
0 0.454660 0.709878 0.038765 0.054351
0 0.619472 0.919724 0.037230 0.082407
0 0.719978 0.864346 0.073136 0.098582
0 0.825119 0.958676 0.089006 0.070071
0 0.067239 0.825904 0.014236 0.043174
0 0.038506 0.827990 0.015856 0.038356
0 0.010920 0.826750 0.018556 0.041122
0 0.181567 0.888757 0.036792 0.037206
0 0.317926 0.862869 0.024917 0.067774
0 0.369852 0.973985 0.075896 0.031741
0 0.225259 0.945154 0.042779 0.027375
0 0.592577 0.400564 0.037394 0.033206
0 0.660677 0.436667 0.050254 0.049946
0 0.729610 0.253630 0.022531 0.052164
