0 0.018419 0.200793 0.036839 0.069737
0 0.084216 0.505923 0.053641 0.075445
0 0.144852 0.739454 0.055379 0.074787
0 0.290460 0.744132 0.036676 0.047436
0 0.447435 0.786179 0.033973 0.038025
0 0.182963 0.485355 0.023120 0.038694
0 0.073015 0.092247 0.016603 0.053860
0 0.100270 0.078246 0.017363 0.074256
0 0.481682 0.129506 0.039433 0.047003
0 0.312085 0.130485 0.074375 0.064543
0 0.310778 0.070145 0.060616 0.068019
0 0.222980 0.290794 0.035717 0.054584
0 0.159500 0.903186 0.016031 0.037687
0 0.244403 0.981582 0.014790 0.022135
0 0.267782 0.984376 0.016975 0.020989
0 0.293383 0.986536 0.018272 0.018616
