0 0.250877 0.562640 0.119495 0.046861
0 0.586172 0.546697 0.057666 0.078747
0 0.661673 0.623736 0.060045 0.074147
0 0.488674 0.152584 0.045777 0.055508
0 0.350752 0.854185 0.085013 0.046267
0 0.174782 0.791645 0.081445 0.063392
0 0.251472 0.589986 0.055287 0.019697
0 0.099280 0.508587 0.035075 0.036328
0 0.131681 0.115510 0.040425 0.018639
0 0.143571 0.093270 0.039236 0.020423
0 0.185631 0.213852 0.038941 0.043302
0 0.149813 0.261899 0.083822 0.027880
0 0.168094 0.241732 0.063313 0.024320
0 0.217288 0.719872 0.147434 0.037453
0 0.507402 0.803469 0.047559 0.017203
0 0.513941 0.757794 0.045181 0.025506
