0 0.867870 0.070249 0.065509 0.080196
0 0.806559 0.214566 0.058211 0.069329
0 0.872041 0.231886 0.046866 0.054352
0 0.451565 0.064764 0.062391 0.044736
0 0.095360 0.269977 0.054274 0.047686
0 0.065131 0.333435 0.039496 0.044822
0 0.235787 0.348372 0.068132 0.056519
0 0.306725 0.503071 0.053689 0.065303
0 0.924883 0.417656 0.068106 0.057034
0 0.780242 0.413287 0.067417 0.055676
0 0.884893 0.477716 0.067231 0.054958
0 0.878770 0.599783 0.047273 0.041682
0 0.789787 0.684274 0.049102 0.059078
0 0.943479 0.907667 0.046463 0.061587
0 0.158534 0.921331 0.060058 0.057521
0 0.263430 0.760434 0.044524 0.046788
0 0.092362 0.654105 0.050926 0.045541
0 0.127428 0.599553 0.043139 0.045590
0 0.841475 0.124715 0.039147 0.026691
0 0.472998 0.980261 0.051034 0.039479
0 0.864377 0.837826 0.054435 0.054595
0 0.887476 0.829179 0.051603 0.049809
