0 0.617102 0.619579 0.061485 0.055194
0 0.329104 0.447749 0.069942 0.072020
0 0.110283 0.312477 0.067063 0.059758
0 0.312671 0.042151 0.068860 0.084302
0 0.841871 0.822206 0.073274 0.023327
0 0.904636 0.926183 0.062876 0.063838
0 0.901292 0.874205 0.023799 0.020084
0 0.914519 0.852596 0.020734 0.017863
0 0.776280 0.730109 0.071423 0.041391
0 0.749277 0.761503 0.060592 0.034759
0 0.548185 0.968086 0.047910 0.059394
0 0.597779 0.979526 0.047147 0.040948
0 0.534890 0.713479 0.057567 0.056387
0 0.468493 0.530855 0.054242 0.064426
0 0.475849 0.291889 0.029349 0.040265
0 0.491065 0.170800 0.036731 0.020098
0 0.501753 0.200441 0.025459 0.016818
0 0.435695 0.854053 0.054604 0.065904
