0 0.827605 0.032102 0.107201 0.064203
0 0.943102 0.133280 0.047794 0.073313
0 0.593601 0.225767 0.016727 0.083257
0 0.500418 0.192196 0.063521 0.078265
0 0.264455 0.435414 0.090394 0.089001
0 0.153177 0.083269 0.062966 0.070175
0 0.053833 0.709036 0.059084 0.071226
0 0.024102 0.561714 0.039702 0.065163
0 0.423378 0.621691 0.063802 0.073011
0 0.500758 0.755176 0.054024 0.054450
0 0.517282 0.870994 0.049577 0.044727
0 0.334870 0.701054 0.059300 0.051274
0 0.184634 0.826558 0.064426 0.058084
0 0.454885 0.472308 0.078120 0.097860
0 0.415676 0.531627 0.090495 0.090599
0 0.911819 0.587964 0.046137 0.047125
0 0.893740 0.502038 0.050827 0.051742
0 0.145578 0.541454 0.062035 0.059670
0 0.391246 0.966418 0.038392 0.059420
