0 0.023607 0.408915 0.047214 0.071856
0 0.235461 0.585154 0.079433 0.047592
0 0.472136 0.310608 0.067303 0.074040
0 0.495719 0.541777 0.045148 0.048709
0 0.570013 0.481078 0.047249 0.065446
0 0.466167 0.750475 0.040405 0.043904
0 0.689375 0.354419 0.040424 0.044476
0 0.810056 0.470810 0.053202 0.063354
0 0.731619 0.456706 0.067801 0.055735
0 0.603084 0.257615 0.020915 0.037003
0 0.561700 0.358378 0.039189 0.073665
0 0.793201 0.129333 0.068363 0.061387
0 0.744630 0.236737 0.064939 0.049288
0 0.889835 0.602589 0.028709 0.057697
0 0.909822 0.607402 0.033059 0.059216
0 0.847764 0.892900 0.052870 0.083629
0 0.884892 0.914270 0.053442 0.070518
0 0.840529 0.956284 0.033246 0.056949
0 0.866035 0.963798 0.039645 0.056798
0 0.574416 0.968983 0.060641 0.047259
0 0.948998 0.183666 0.022030 0.033512
