0 0.966768 0.709322 0.066464 0.068200
0 0.887726 0.709030 0.061874 0.067897
0 0.758605 0.688067 0.042235 0.044277
0 0.574218 0.640444 0.058623 0.063018
0 0.826607 0.054790 0.059090 0.063818
0 0.680416 0.202851 0.043349 0.058240
0 0.386932 0.232253 0.061139 0.078474
0 0.484016 0.371172 0.020617 0.074083
0 0.217452 0.256712 0.041305 0.042774
0 0.314800 0.325306 0.018565 0.040591
0 0.395167 0.356891 0.017058 0.036250
0 0.894594 0.325875 0.106607 0.111879
0 0.367405 0.771136 0.052359 0.065428
0 0.395605 0.729243 0.053300 0.066852
0 0.392992 0.922514 0.054283 0.064740
0 0.218331 0.787606 0.048376 0.061029
0 0.183339 0.987539 0.025592 0.024922
0 0.236828 0.991797 0.025057 0.016405
0 0.058802 0.931116 0.026718 0.081327
0 0.610618 0.974573 0.069249 0.033201
0 0.903288 0.569732 0.026236 0.035452
0 0.878183 0.581849 0.026887 0.039693
