0 0.305189 0.357550 0.063531 0.051672
0 0.307861 0.023912 0.051062 0.047823
0 0.176642 0.021833 0.061750 0.043666
0 0.450362 0.046776 0.097375 0.073364
0 0.607410 0.054356 0.095592 0.076022
0 0.948521 0.030445 0.049877 0.060889
0 0.745755 0.157698 0.101533 0.074833
0 0.114297 0.623677 0.053437 0.058905
0 0.046907 0.725480 0.046908 0.046325
0 0.061157 0.904248 0.063533 0.053452
0 0.228891 0.750461 0.055814 0.044025
0 0.191189 0.933962 0.058781 0.030848
0 0.289158 0.878438 0.044531 0.048055
0 0.607410 0.614928 0.112220 0.085691
0 0.739520 0.653378 0.085500 0.075309
0 0.808395 0.836245 0.062938 0.068300
0 0.893897 0.724043 0.080750 0.056327
0 0.922693 0.873838 0.052842 0.069134
0 0.966958 0.359034 0.063591 0.071272
0 0.783161 0.346960 0.061156 0.089480
0 0.841349 0.362844 0.054033 0.069591
0 0.868067 0.305686 0.037406 0.049681
0 0.872521 0.227589 0.068877 0.067325
0 0.976903 0.265741 0.043700 0.085427
0 0.622255 0.466020 0.056406 0.031911
0 0.434479 0.848123 0.024642 0.042167
