0 0.613265 0.055906 0.123518 0.085855
0 0.694029 0.119263 0.051400 0.060145
0 0.667342 0.174619 0.097720 0.063401
0 0.967725 0.436440 0.064549 0.061925
0 0.818553 0.434297 0.048839 0.037056
0 0.715518 0.451161 0.054607 0.074522
0 0.603550 0.528851 0.118937 0.125578
0 0.905775 0.822044 0.106697 0.103090
0 0.383474 0.528662 0.152789 0.110494
0 0.235170 0.588435 0.064592 0.048870
0 0.252458 0.634086 0.073054 0.047211
0 0.093267 0.721594 0.086217 0.112217
0 0.064952 0.544110 0.073993 0.070110
0 0.143584 0.398662 0.066623 0.067056
0 0.219364 0.456002 0.084118 0.053929
0 0.492909 0.399394 0.036519 0.054221
0 0.544760 0.565477 0.039016 0.046601
0 0.536748 0.520901 0.039280 0.046035
0 0.526707 0.442163 0.064090 0.038889
0 0.525572 0.416971 0.054815 0.030397
0 0.520132 0.481135 0.035254 0.039257
0 0.559286 0.465312 0.059054 0.038259
