0 0.072579 0.199802 0.059101 0.060896
0 0.097918 0.254956 0.042130 0.045700
0 0.151050 0.294097 0.067253 0.056155
0 0.050921 0.712222 0.069015 0.081964
0 0.239555 0.809071 0.085262 0.092585
0 0.334051 0.949826 0.050960 0.051439
0 0.742358 0.590609 0.058246 0.085544
0 0.771379 0.568310 0.049566 0.069012
0 0.797449 0.546757 0.027335 0.040606
0 0.654432 0.469924 0.039276 0.054210
0 0.865780 0.097586 0.056321 0.080201
0 0.677043 0.174986 0.037757 0.059127
0 0.841322 0.328613 0.064857 0.059815
0 0.887319 0.402247 0.042198 0.046078
0 0.736570 0.418544 0.022756 0.030094
0 0.714350 0.428651 0.021106 0.032844
