0 0.012833 0.648651 0.025666 0.039118
0 0.119150 0.876801 0.085602 0.035881
0 0.319333 0.863526 0.069271 0.031524
0 0.551602 0.980305 0.091801 0.033330
0 0.568647 0.994891 0.051587 0.010218
0 0.345847 0.738279 0.062695 0.045583
0 0.627672 0.568491 0.051321 0.080935
0 0.850285 0.706785 0.052761 0.043513
0 0.899632 0.737175 0.048448 0.073384
0 0.228253 0.938728 0.047854 0.053622
0 0.589054 0.948286 0.032051 0.026507
0 0.706509 0.986364 0.041516 0.027272
0 0.824952 0.577985 0.064249 0.043883
0 0.701962 0.278070 0.056077 0.048627
0 0.755829 0.140471 0.062707 0.045918
0 0.645747 0.085864 0.061647 0.048849
0 0.546393 0.207364 0.063592 0.048786
0 0.277526 0.252236 0.078093 0.034646
0 0.362911 0.327646 0.045936 0.041066
0 0.287911 0.157215 0.125105 0.040998
0 0.337532 0.150123 0.030309 0.019969
0 0.983017 0.287579 0.033967 0.016219
0 0.983174 0.266374 0.033651 0.016689
0 0.983751 0.242474 0.032498 0.014317
0 0.714850 0.238526 0.056179 0.031644
0 0.878032 0.388848 0.063732 0.132869
0 0.880048 0.603404 0.035640 0.017597
0 0.880453 0.575726 0.044302 0.024413
0 0.652922 0.956406 0.040057 0.021085
0 0.659242 0.933025 0.018978 0.016734
0 0.674576 0.880096 0.021001 0.018232
0 0.745330 0.859745 0.020262 0.017698
0 0.719079 0.877610 0.013423 0.010244
