0 0.443585 0.593829 0.071577 0.085342
0 0.453300 0.463719 0.053181 0.044191
0 0.730584 0.411110 0.080825 0.076399
0 0.587896 0.103146 0.106878 0.090549
0 0.352308 0.092949 0.051946 0.046342
0 0.517955 0.031016 0.121799 0.062031
0 0.890645 0.105710 0.087178 0.067610
0 0.852121 0.028934 0.033343 0.041373
0 0.811598 0.101203 0.043028 0.039819
0 0.201407 0.430614 0.114756 0.044133
0 0.774579 0.902843 0.041346 0.040500
0 0.194391 0.966566 0.054981 0.045192
0 0.145945 0.653989 0.020673 0.075755
0 0.068180 0.672441 0.036466 0.035590
0 0.069304 0.478824 0.039683 0.058845
0 0.120373 0.085981 0.094822 0.057329
