0 0.503288 0.355866 0.137446 0.136873
0 0.871849 0.117209 0.048746 0.043888
0 0.489584 0.527813 0.090508 0.076825
0 0.669480 0.623273 0.049960 0.044775
0 0.463703 0.899389 0.073849 0.058849
0 0.607636 0.737844 0.055274 0.051688
0 0.083331 0.968089 0.060827 0.061731
0 0.152563 0.862099 0.062465 0.067146
0 0.373641 0.937756 0.071816 0.054748
0 0.910510 0.941666 0.055070 0.029269
0 0.426812 0.383158 0.021267 0.019815
0 0.404986 0.427679 0.038399 0.042062
0 0.430225 0.453017 0.035515 0.034599
0 0.384667 0.457867 0.021733 0.020028
0 0.461591 0.473748 0.021433 0.021847
0 0.339074 0.599098 0.034674 0.017234
0 0.847446 0.702943 0.063885 0.018089
0 0.477844 0.720487 0.020906 0.020234
0 0.467147 0.698999 0.018693 0.019687
0 0.461309 0.674698 0.017368 0.017298
0 0.835045 0.683019 0.033734 0.021783
0 0.510093 0.974340 0.055010 0.051320
