0 0.046920 0.210038 0.093839 0.095462
0 0.239111 0.109566 0.065657 0.052265
0 0.488385 0.379628 0.045867 0.048010
0 0.405363 0.353781 0.058482 0.052749
0 0.338805 0.629538 0.059976 0.062820
0 0.256910 0.660083 0.063936 0.063116
0 0.746178 0.567394 0.044839 0.046112
0 0.913197 0.696744 0.047890 0.043374
0 0.915344 0.096050 0.052206 0.052082
0 0.670639 0.937026 0.061443 0.064523
0 0.662629 0.871898 0.047940 0.047741
0 0.741274 0.800694 0.051735 0.050224
0 0.144750 0.624395 0.063905 0.061607
0 0.164705 0.031425 0.093687 0.040818
0 0.525995 0.076740 0.046673 0.044711
0 0.450623 0.673788 0.049957 0.050368
0 0.506736 0.649525 0.045242 0.057726
0 0.783172 0.613930 0.029711 0.032818
0 0.783020 0.590624 0.048084 0.053537
