0 0.108675 0.319488 0.040978 0.056090
0 0.336370 0.022955 0.038670 0.045197
0 0.399287 0.261960 0.040178 0.039023
0 0.467977 0.127807 0.069429 0.029121
0 0.968442 0.375561 0.056085 0.061348
0 0.837013 0.417432 0.075287 0.049350
0 0.587088 0.240046 0.041902 0.039828
0 0.591179 0.452078 0.040850 0.018997
0 0.534978 0.441197 0.059822 0.039599
0 0.487934 0.359104 0.040775 0.041703
0 0.238482 0.309515 0.039872 0.015603
0 0.237885 0.333078 0.037854 0.020123
0 0.254360 0.253983 0.042699 0.017377
0 0.251419 0.282540 0.035016 0.019027
