0 0.275506 0.073234 0.059568 0.120283
0 0.981934 0.090219 0.036132 0.114812
0 0.876465 0.465199 0.050617 0.138064
0 0.777022 0.417313 0.050514 0.058212
0 0.575973 0.432773 0.036794 0.084313
0 0.337789 0.342471 0.050000 0.094153
0 0.313047 0.463814 0.055722 0.082602
0 0.168604 0.782475 0.050901 0.056495
0 0.687597 0.971242 0.031878 0.051657
0 0.326176 0.795792 0.064213 0.079175
0 0.276951 0.612006 0.049261 0.041805
0 0.583075 0.641797 0.091090 0.101167
0 0.785292 0.826994 0.016622 0.052993
0 0.813419 0.827213 0.017255 0.051735
0 0.846328 0.831582 0.023982 0.057410
0 0.912242 0.628041 0.012462 0.040909
