0 0.974035 0.384086 0.046185 0.069997
0 0.818771 0.557618 0.042643 0.040711
0 0.904768 0.729528 0.069475 0.071830
0 0.978570 0.801232 0.042860 0.081875
0 0.809194 0.960315 0.068367 0.066968
0 0.532733 0.892764 0.071819 0.075456
0 0.483467 0.383243 0.036061 0.047546
0 0.480153 0.431408 0.038408 0.048784
0 0.174433 0.120821 0.042031 0.077925
0 0.065180 0.159839 0.043621 0.113817
0 0.352800 0.604943 0.048608 0.066656
0 0.482373 0.664690 0.046797 0.050793
0 0.014632 0.304687 0.029265 0.060012
0 0.709482 0.465951 0.026301 0.063285
0 0.525737 0.279581 0.046926 0.044545
