0 0.630107 0.816059 0.066929 0.042914
0 0.697612 0.915765 0.044964 0.044779
0 0.976406 0.105437 0.042263 0.043115
0 0.775404 0.201168 0.063031 0.058868
0 0.835016 0.049585 0.046728 0.045955
0 0.527528 0.132743 0.036643 0.047169
0 0.373280 0.187126 0.045190 0.052354
0 0.211724 0.378416 0.044594 0.038665
0 0.272118 0.622039 0.044517 0.054926
0 0.350441 0.142042 0.050427 0.030758
0 0.359890 0.118717 0.046417 0.029780
0 0.726125 0.248053 0.046987 0.049559
0 0.850175 0.348818 0.045716 0.050853
0 0.980720 0.237193 0.038560 0.039474
