0 0.577305 0.357818 0.086259 0.042050
0 0.402052 0.370334 0.084010 0.032071
0 0.402870 0.417857 0.115217 0.033764
0 0.370854 0.457314 0.118701 0.034918
0 0.582844 0.401354 0.142453 0.041561
0 0.578024 0.441323 0.065959 0.039611
0 0.552603 0.501477 0.081202 0.031071
0 0.568347 0.539159 0.063021 0.031315
0 0.374768 0.564696 0.120677 0.034892
0 0.368328 0.608160 0.207230 0.041239
0 0.206279 0.612804 0.064709 0.031412
0 0.186661 0.650359 0.064237 0.032547
0 0.558827 0.649586 0.046969 0.040252
0 0.573163 0.689049 0.088368 0.044625
0 0.377843 0.643360 0.251929 0.040751
0 0.453297 0.678509 0.105195 0.033469
0 0.566524 0.753589 0.046337 0.034725
0 0.438842 0.747888 0.046955 0.033559
0 0.309406 0.745824 0.063986 0.031892
0 0.195497 0.743136 0.067801 0.032341
0 0.451680 0.783601 0.082442 0.030429
0 0.547006 0.788436 0.079459 0.034893
0 0.279742 0.782387 0.029127 0.033238
