0 0.155475 0.848386 0.050781 0.052935
0 0.307684 0.652431 0.052709 0.069411
0 0.221786 0.554396 0.043501 0.042308
0 0.206452 0.465294 0.082868 0.069931
0 0.230338 0.428028 0.053351 0.070372
0 0.236277 0.359426 0.058220 0.071853
0 0.062882 0.171563 0.051747 0.052703
0 0.525634 0.102829 0.063184 0.082723
0 0.504153 0.159356 0.046381 0.045681
0 0.620327 0.281573 0.066104 0.074157
0 0.723965 0.226957 0.045933 0.043947
0 0.923613 0.551435 0.028514 0.064940
0 0.593344 0.925004 0.136071 0.094380
0 0.472397 0.530910 0.054912 0.049427
0 0.414849 0.596893 0.058121 0.053111
0 0.540975 0.387261 0.067734 0.058473
