0 0.468646 0.384244 0.417313 0.175898
0 0.835868 0.263399 0.239535 0.121825
0 0.842642 0.180741 0.171534 0.093766
0 0.886918 0.084678 0.118183 0.076123
0 0.969027 0.054795 0.032938 0.056700
0 0.927362 0.010852 0.075727 0.021704
0 0.668236 0.076529 0.388229 0.153058
0 0.608640 0.028820 0.199642 0.057640
0 0.107375 0.379097 0.069312 0.133772
0 0.140104 0.470895 0.042863 0.033829
0 0.077481 0.286061 0.040057 0.043207
0 0.200193 0.512727 0.130528 0.112566
0 0.035669 0.092039 0.071338 0.149367
0 0.182841 0.363067 0.142121 0.230917
