0 0.895306 0.811743 0.072528 0.060221
0 0.972945 0.671335 0.054111 0.061252
0 0.757747 0.655945 0.056197 0.067770
0 0.721689 0.629215 0.021400 0.044821
0 0.692988 0.626988 0.015858 0.027926
0 0.670221 0.611062 0.049954 0.073417
0 0.542022 0.932731 0.062834 0.071547
0 0.349606 0.939997 0.072406 0.058890
0 0.252074 0.960325 0.071790 0.070737
0 0.517456 0.678921 0.057655 0.050586
0 0.715402 0.787918 0.070707 0.059301
0 0.890302 0.452807 0.041393 0.035381
0 0.779773 0.359208 0.045980 0.058754
0 0.433662 0.723545 0.028579 0.038756
0 0.409151 0.710158 0.031837 0.037463
0 0.638903 0.760739 0.021632 0.036439
0 0.351349 0.421110 0.050361 0.058376
0 0.324752 0.452631 0.034407 0.039384
0 0.604812 0.164693 0.056164 0.039764
0 0.616063 0.749839 0.015474 0.019816
0 0.545838 0.430482 0.047922 0.035093
0 0.231208 0.795557 0.016437 0.036692
0 0.210350 0.782989 0.013033 0.016797
0 0.268407 0.711973 0.014355 0.019145
0 0.246285 0.708581 0.016591 0.020962
0 0.273957 0.733905 0.016896 0.022838
0 0.381414 0.878020 0.041016 0.053631
