0 0.068165 0.809185 0.039378 0.044631
0 0.101212 0.196169 0.021636 0.069388
0 0.343684 0.887773 0.017518 0.067155
0 0.537229 0.819861 0.065679 0.070821
0 0.519678 0.423934 0.043476 0.098873
0 0.713626 0.988297 0.043395 0.023406
0 0.706357 0.933968 0.052455 0.075382
0 0.742728 0.673706 0.042712 0.050417
0 0.869713 0.742440 0.102147 0.132276
0 0.977421 0.122530 0.045158 0.059754
0 0.677292 0.280305 0.031223 0.061286
0 0.546949 0.015711 0.038069 0.027811
0 0.498452 0.240190 0.020010 0.077257
0 0.760762 0.078363 0.035021 0.035553
0 0.710376 0.064131 0.045829 0.048233
0 0.804191 0.294633 0.064091 0.109541
0 0.626530 0.898842 0.018468 0.034144
0 0.937263 0.327844 0.037296 0.095283
