0 0.321271 0.337936 0.065480 0.055485
0 0.358338 0.015450 0.051749 0.030899
0 0.497807 0.044303 0.099635 0.078579
0 0.653311 0.067932 0.098483 0.081688
0 0.984233 0.079765 0.031534 0.062333
0 0.780034 0.184920 0.104515 0.081250
0 0.103301 0.582652 0.057552 0.060258
0 0.025386 0.676387 0.049755 0.048243
0 0.027163 0.856224 0.054326 0.057690
0 0.204262 0.720549 0.054639 0.048470
0 0.147242 0.899181 0.059018 0.035582
0 0.250758 0.854171 0.047329 0.050026
0 0.594614 0.625262 0.115579 0.091397
0 0.722275 0.677683 0.088632 0.079645
0 0.771559 0.866857 0.066504 0.070098
0 0.868232 0.764098 0.082543 0.062131
0 0.881692 0.915958 0.058078 0.069842
0 0.972816 0.408707 0.054368 0.074171
0 0.797773 0.377412 0.067774 0.090014
0 0.853562 0.399291 0.058765 0.071226
0 0.886342 0.345333 0.039747 0.050123
0 0.898966 0.267912 0.072038 0.070587
0 0.987217 0.321746 0.025565 0.062671
0 0.625052 0.479047 0.056283 0.036267
0 0.398307 0.839631 0.027213 0.042495
