0 0.720223 0.582701 0.090845 0.069605
0 0.701223 0.524736 0.112219 0.079584
0 0.676582 0.486429 0.091439 0.051670
0 0.784645 0.434759 0.047500 0.045733
0 0.650902 0.444855 0.090548 0.069488
0 0.157938 0.584424 0.135970 0.106311
0 0.068579 0.597491 0.060564 0.064738
0 0.017367 0.354580 0.034734 0.065925
0 0.303112 0.599328 0.096189 0.089791
0 0.339627 0.636155 0.049283 0.058677
0 0.504691 0.509888 0.056406 0.053452
0 0.553527 0.652725 0.077484 0.052859
0 0.471589 0.752503 0.056109 0.049297
0 0.341853 0.836838 0.060266 0.064736
0 0.396330 0.906350 0.062939 0.064691
0 0.456300 0.969593 0.053438 0.048673
0 0.630566 0.940180 0.051658 0.061173
0 0.646747 0.980900 0.060859 0.035706
0 0.805872 0.968427 0.065609 0.060652
0 0.899388 0.972252 0.046017 0.040980
0 0.175752 0.985057 0.077781 0.027392
0 0.728684 0.215604 0.039486 0.048108
0 0.792958 0.151758 0.043937 0.040387
0 0.521761 0.063562 0.056703 0.051670
