0 0.214295 0.808254 0.050435 0.147274
0 0.280942 0.860957 0.030308 0.053443
0 0.970183 0.723683 0.059635 0.059088
0 0.704819 0.441483 0.042838 0.028185
0 0.697485 0.422230 0.038178 0.030263
0 0.692831 0.401107 0.041204 0.028407
0 0.302705 0.500897 0.041317 0.020240
0 0.307522 0.473030 0.037124 0.025071
0 0.308559 0.441303 0.039099 0.023542
0 0.311351 0.410883 0.042482 0.027446
0 0.450579 0.309855 0.080417 0.052737
0 0.112915 0.628179 0.117297 0.036716
0 0.212872 0.674217 0.037028 0.027565
0 0.195582 0.653110 0.028510 0.025876
0 0.099195 0.606282 0.088173 0.031506
0 0.118989 0.485223 0.103017 0.047191
0 0.183247 0.525248 0.022909 0.021262
0 0.111914 0.446281 0.071447 0.038526
0 0.185943 0.431654 0.050642 0.020367
0 0.106806 0.410609 0.039115 0.022638
0 0.232982 0.585769 0.036864 0.021646
0 0.301393 0.572660 0.035327 0.054136
0 0.218946 0.522005 0.045186 0.054414
0 0.144469 0.741138 0.049716 0.039973
0 0.152947 0.841578 0.056918 0.021845
0 0.948989 0.568040 0.055905 0.045683
0 0.986471 0.555777 0.027058 0.046343
