0 0.679009 0.318785 0.049398 0.076025
0 0.862585 0.296065 0.060293 0.058784
0 0.960633 0.261560 0.047833 0.057782
0 0.890252 0.860827 0.044634 0.055357
0 0.913518 0.844533 0.043759 0.054518
0 0.930455 0.938867 0.066154 0.064010
0 0.871537 0.955502 0.051373 0.038364
0 0.066837 0.916391 0.083822 0.084954
0 0.044806 0.681635 0.042709 0.067338
0 0.094618 0.842352 0.037585 0.040574
0 0.153544 0.852434 0.043604 0.041119
0 0.214674 0.218050 0.015587 0.034757
0 0.236844 0.228674 0.016002 0.067883
0 0.256106 0.231172 0.017055 0.086050
0 0.275692 0.229465 0.019440 0.079920
0 0.295884 0.227623 0.017577 0.072576
0 0.185168 0.071485 0.055987 0.056890
