0 0.808554 0.523512 0.063004 0.153231
0 0.781557 0.516645 0.065333 0.151756
0 0.756749 0.506954 0.062477 0.154328
0 0.729629 0.502518 0.061081 0.147459
0 0.704371 0.495948 0.063905 0.157582
0 0.682575 0.484949 0.064838 0.158031
0 0.656154 0.478571 0.066017 0.146904
0 0.632836 0.468477 0.063719 0.144198
0 0.611041 0.463741 0.059868 0.148846
0 0.871088 0.194421 0.139535 0.072423
0 0.878640 0.059272 0.066447 0.063284
0 0.886303 0.443097 0.144904 0.079665
0 0.705655 0.782137 0.112886 0.096862
0 0.950212 0.814506 0.039341 0.056474
0 0.908046 0.908648 0.031820 0.044885
