0 0.132830 0.845519 0.062783 0.066407
0 0.314414 0.952339 0.069400 0.061509
0 0.520280 0.401524 0.083658 0.073235
0 0.419843 0.228546 0.067831 0.058418
0 0.496339 0.282919 0.089422 0.076734
0 0.579479 0.189409 0.048778 0.048794
0 0.553501 0.082365 0.046695 0.046065
0 0.699374 0.222609 0.047746 0.050649
0 0.782187 0.104384 0.062044 0.071220
0 0.815619 0.407909 0.051956 0.053533
0 0.776189 0.642404 0.041532 0.044003
0 0.075759 0.639327 0.048932 0.054199
0 0.131396 0.222274 0.067351 0.055707
0 0.280132 0.400644 0.065111 0.058237
0 0.233074 0.377665 0.057819 0.056369
0 0.815654 0.136833 0.054490 0.058888
0 0.251460 0.223578 0.066436 0.062403
0 0.393698 0.112195 0.052407 0.064926
0 0.345499 0.074564 0.047810 0.047294
0 0.046140 0.258152 0.060170 0.070894
0 0.788794 0.242925 0.032183 0.037994
0 0.821163 0.189757 0.020004 0.020944
0 0.807051 0.267909 0.026348 0.029184
0 0.819562 0.246042 0.022258 0.023382
