0 0.488959 0.391843 0.141316 0.057740
0 0.810753 0.214684 0.065245 0.051237
0 0.933995 0.210938 0.060187 0.034326
0 0.923768 0.168606 0.068409 0.049645
0 0.683239 0.084588 0.060073 0.044242
0 0.202846 0.124329 0.066283 0.048008
0 0.033146 0.246426 0.066292 0.045194
0 0.496853 0.741216 0.115924 0.035358
0 0.564239 0.579142 0.067010 0.023454
0 0.605323 0.891668 0.090796 0.034534
0 0.871798 0.728736 0.066531 0.050804
0 0.821002 0.925788 0.044096 0.042682
0 0.833021 0.488632 0.036287 0.039819
0 0.853499 0.362826 0.039587 0.037566
0 0.847829 0.011263 0.040615 0.022526
0 0.205160 0.384896 0.081253 0.081786
