0 0.304371 0.131775 0.050575 0.046053
0 0.207124 0.099568 0.055695 0.042840
0 0.145564 0.572305 0.077629 0.085519
0 0.247264 0.703327 0.075645 0.026766
0 0.054838 0.682911 0.057665 0.034856
0 0.062131 0.789510 0.040750 0.036252
0 0.870689 0.338675 0.069427 0.044375
0 0.795658 0.418490 0.051086 0.053534
0 0.747882 0.602719 0.041530 0.034842
0 0.986694 0.575256 0.019913 0.044156
0 0.978498 0.630874 0.031519 0.064054
0 0.092879 0.240783 0.059050 0.044213
0 0.078019 0.301515 0.052769 0.039811
0 0.234837 0.286027 0.040352 0.038808
0 0.144585 0.367987 0.039014 0.035688
0 0.294909 0.515806 0.023593 0.021471
0 0.134589 0.470024 0.041561 0.035712
0 0.120018 0.824848 0.035724 0.025606
0 0.250258 0.844151 0.037632 0.020633
0 0.240545 0.881662 0.033919 0.021783
0 0.859060 0.619587 0.082436 0.064164
0 0.667960 0.746960 0.050326 0.059864
