0 0.061650 0.884736 0.101098 0.116255
0 0.202517 0.984043 0.066561 0.031914
0 0.240972 0.630648 0.083074 0.027735
0 0.195360 0.543220 0.082571 0.054609
0 0.403298 0.275420 0.084125 0.094867
0 0.038637 0.214511 0.069854 0.057956
0 0.644763 0.029306 0.069503 0.052144
0 0.493743 0.020089 0.062436 0.040038
0 0.609694 0.407432 0.075627 0.061622
0 0.752880 0.464917 0.054155 0.051464
0 0.869357 0.465423 0.047519 0.052354
0 0.675058 0.308101 0.049969 0.053947
0 0.779049 0.142011 0.057290 0.064575
0 0.466478 0.459700 0.094604 0.084485
0 0.520194 0.411886 0.092287 0.088072
0 0.644669 0.895523 0.045535 0.043040
0 0.556950 0.889319 0.049920 0.048583
0 0.492009 0.143373 0.059132 0.065039
0 0.946986 0.327262 0.057636 0.044687
