0 0.504096 0.608540 0.139533 0.039073
0 0.847583 0.740030 0.059375 0.046920
0 0.970075 0.725525 0.057356 0.027228
0 0.966216 0.769024 0.065075 0.041195
0 0.739223 0.885540 0.056406 0.037417
0 0.257837 0.913772 0.063234 0.040344
0 0.052102 0.816052 0.104203 0.037419
0 0.462237 0.261930 0.117564 0.019600
0 0.552488 0.412870 0.066500 0.014672
0 0.550113 0.098900 0.091437 0.024944
0 0.837194 0.222137 0.062344 0.045731
0 0.758520 0.033273 0.039188 0.038605
0 0.832146 0.464091 0.033248 0.036956
0 0.869255 0.586272 0.036220 0.033722
0 0.913194 0.939289 0.038594 0.026131
0 0.219541 0.655902 0.082828 0.071450
