0 0.155475 0.151614 0.050781 0.052935
0 0.307684 0.347569 0.052709 0.069411
0 0.221786 0.445604 0.043501 0.042308
0 0.206452 0.534706 0.082868 0.069931
0 0.230338 0.571972 0.053351 0.070372
0 0.236277 0.640574 0.058220 0.071853
0 0.062882 0.828437 0.051747 0.052703
0 0.525634 0.897171 0.063184 0.082723
0 0.504153 0.840644 0.046381 0.045681
0 0.620327 0.718427 0.066104 0.074157
0 0.723965 0.773043 0.045933 0.043947
0 0.923613 0.448565 0.028514 0.064940
0 0.593344 0.074996 0.136071 0.094380
0 0.472397 0.469090 0.054912 0.049427
0 0.414849 0.403107 0.058121 0.053111
0 0.540975 0.612739 0.067734 0.058473
