0 0.332605 0.409096 0.057611 0.061158
0 0.271096 0.512409 0.057095 0.052844
0 0.277183 0.581878 0.060363 0.064719
0 0.139285 0.391284 0.036823 0.070658
0 0.621607 0.591973 0.054517 0.070655
0 0.860033 0.518348 0.082491 0.089658
0 0.875470 0.595238 0.059931 0.068877
0 0.919691 0.678958 0.119972 0.100937
0 0.878142 0.798302 0.036772 0.049875
0 0.786356 0.933084 0.033853 0.040375
0 0.921195 0.163283 0.033814 0.036219
0 0.247934 0.913936 0.035709 0.028797
0 0.053168 0.030727 0.039198 0.061453
0 0.229225 0.012320 0.023084 0.024641
0 0.259958 0.016625 0.015225 0.030281
0 0.287423 0.014992 0.018500 0.029984
0 0.660446 0.710723 0.061173 0.043344
0 0.612042 0.919725 0.042763 0.062344
