0 0.219768 0.455626 0.066556 0.063434
0 0.065241 0.439085 0.052733 0.064321
0 0.297105 0.320973 0.090995 0.056180
0 0.158797 0.306045 0.044627 0.043181
0 0.431938 0.066828 0.052528 0.045854
0 0.367833 0.391375 0.057828 0.061202
0 0.269394 0.551057 0.055241 0.053712
0 0.413606 0.510073 0.052184 0.048704
0 0.379724 0.706965 0.058789 0.058131
0 0.493395 0.646353 0.055182 0.049600
0 0.678916 0.610062 0.063419 0.057836
0 0.754505 0.596099 0.074917 0.063415
0 0.926319 0.550399 0.065148 0.061197
0 0.732095 0.412148 0.058293 0.058423
0 0.662456 0.383063 0.054794 0.044860
0 0.223606 0.754436 0.051355 0.057624
0 0.171565 0.676430 0.043135 0.043051
0 0.154451 0.656700 0.052722 0.049553
0 0.695306 0.878683 0.050688 0.067582
0 0.290228 0.875980 0.043487 0.045407
0 0.682206 0.651236 0.046502 0.044177
0 0.314778 0.830712 0.058499 0.049536
0 0.699089 0.263554 0.089194 0.091179
