0 0.910562 0.163293 0.085325 0.091100
0 0.989315 0.175427 0.021370 0.030321
0 0.825868 0.679217 0.068694 0.075072
0 0.593198 0.176144 0.082659 0.070525
0 0.602726 0.333176 0.078646 0.069647
0 0.341034 0.315264 0.050850 0.053891
0 0.182985 0.719540 0.093721 0.089353
0 0.507799 0.974871 0.077493 0.050258
0 0.723258 0.888235 0.062170 0.054997
0 0.741648 0.816984 0.030082 0.059883
0 0.159397 0.839739 0.057438 0.076274
0 0.044861 0.854280 0.062261 0.070266
0 0.288799 0.948813 0.064462 0.064782
0 0.438075 0.172040 0.047217 0.046058
0 0.483636 0.104577 0.066059 0.061068
0 0.451016 0.014460 0.058610 0.028920
0 0.526214 0.126000 0.045014 0.035801
0 0.849362 0.059398 0.070969 0.048340
0 0.708980 0.665656 0.042338 0.035739
