0 0.440240 0.780909 0.068005 0.054288
0 0.287148 0.740060 0.072856 0.048145
0 0.316581 0.294412 0.061754 0.053454
0 0.798774 0.513506 0.149380 0.134677
0 0.035595 0.821568 0.038155 0.035378
0 0.231430 0.971799 0.052613 0.036909
0 0.324297 0.534925 0.061540 0.047641
0 0.115980 0.362137 0.036033 0.018800
0 0.122411 0.387660 0.042726 0.016739
0 0.212065 0.117144 0.051772 0.076099
0 0.133766 0.143223 0.023080 0.026247
0 0.151177 0.181490 0.023337 0.030294
0 0.121817 0.099401 0.021431 0.019356
0 0.086612 0.078754 0.040828 0.020473
