0 0.636037 0.073135 0.089741 0.024302
0 0.673032 0.104266 0.178729 0.026381
0 0.747426 0.133176 0.182837 0.026638
0 0.512929 0.112341 0.079466 0.024622
0 0.502912 0.139912 0.078794 0.020004
0 0.491401 0.171209 0.062491 0.017863
0 0.475584 0.195664 0.051563 0.014519
0 0.460513 0.222700 0.038212 0.020485
0 0.424473 0.262991 0.088724 0.015454
0 0.413875 0.287886 0.097803 0.017832
0 0.449881 0.316795 0.035693 0.014167
0 0.535998 0.259008 0.108243 0.017569
0 0.539830 0.283278 0.101479 0.018102
0 0.522210 0.310110 0.074502 0.017200
0 0.600245 0.200544 0.042100 0.014570
0 0.658687 0.221722 0.062985 0.020846
0 0.664419 0.249496 0.044333 0.016384
0 0.642868 0.312273 0.044140 0.018904
0 0.637212 0.340333 0.045242 0.016393
0 0.618460 0.368210 0.040536 0.020831
0 0.625583 0.396126 0.029495 0.009610
