0 0.174256 0.263101 0.046886 0.080131
0 0.115731 0.256458 0.062134 0.057759
0 0.117356 0.510003 0.079335 0.066319
0 0.022773 0.523201 0.045547 0.065289
0 0.321527 0.425781 0.049772 0.068149
0 0.396379 0.224967 0.045802 0.059145
0 0.391948 0.292458 0.030818 0.043048
0 0.414420 0.141239 0.026114 0.054270
0 0.915239 0.721194 0.102331 0.096457
0 0.309798 0.893659 0.046474 0.072776
0 0.114375 0.932931 0.053752 0.036742
0 0.192795 0.709317 0.070679 0.084963
0 0.010679 0.805210 0.021358 0.034694
0 0.060176 0.823252 0.042545 0.040163
0 0.093707 0.839301 0.027462 0.041066
0 0.157223 0.771603 0.055510 0.045923
0 0.462795 0.484002 0.066726 0.042075
0 0.467445 0.453560 0.036518 0.033815
0 0.810084 0.593143 0.017267 0.095593
0 0.842762 0.551335 0.027062 0.115866
0 0.814905 0.479309 0.020919 0.061187
0 0.848716 0.465505 0.020638 0.041957
0 0.875991 0.492673 0.017804 0.039378
0 0.787641 0.154695 0.038743 0.032686
0 0.398195 0.620842 0.046113 0.041130
0 0.128803 0.396037 0.041838 0.030930
0 0.476631 0.432102 0.040377 0.032080
0 0.543997 0.363033 0.059907 0.043179
0 0.953879 0.534957 0.089395 0.101075
