0 0.968614 0.603048 0.062773 0.083889
0 0.213046 0.227212 0.043384 0.053139
0 0.268960 0.290737 0.071503 0.042034
0 0.168492 0.786768 0.072735 0.040413
0 0.160440 0.957753 0.117357 0.039285
0 0.731046 0.781152 0.042423 0.033947
0 0.800476 0.265214 0.066653 0.063993
0 0.163006 0.176325 0.048800 0.044639
0 0.400234 0.192345 0.074663 0.024431
0 0.338088 0.089694 0.046216 0.023293
0 0.153630 0.841492 0.056590 0.045498
0 0.637701 0.503164 0.038840 0.092473
0 0.654450 0.638111 0.078264 0.055526
0 0.853420 0.611487 0.050884 0.044622
0 0.991528 0.680887 0.016943 0.041660
