0 0.094718 0.062887 0.051365 0.076008
0 0.055163 0.041669 0.044941 0.058544
0 0.071216 0.005228 0.026943 0.010456
0 0.883551 0.926701 0.075780 0.060933
0 0.962832 0.946962 0.028499 0.045423
0 0.441995 0.808038 0.043091 0.079194
0 0.266746 0.717186 0.059930 0.046634
0 0.010894 0.953613 0.021788 0.040339
0 0.196765 0.966222 0.052299 0.036507
0 0.069221 0.743091 0.054061 0.042845
0 0.137757 0.516404 0.042816 0.044508
0 0.132776 0.484902 0.032340 0.028872
0 0.664797 0.613203 0.058144 0.065877
0 0.512044 0.029040 0.065644 0.058079
0 0.591677 0.953320 0.064140 0.051507
