0 0.755184 0.850429 0.087619 0.113797
0 0.888424 0.978071 0.057213 0.043858
0 0.927247 0.443941 0.059854 0.041495
0 0.760363 0.570580 0.067518 0.073031
0 0.506460 0.542333 0.037834 0.072582
0 0.359120 0.862262 0.028793 0.075299
0 0.262851 0.910684 0.044224 0.046526
0 0.217662 0.369852 0.075395 0.118634
0 0.028317 0.625746 0.056426 0.096563
0 0.266366 0.561204 0.046426 0.055332
0 0.507591 0.290723 0.096854 0.081716
0 0.925176 0.283445 0.059895 0.036313
0 0.981288 0.408412 0.037423 0.042332
0 0.349385 0.632035 0.035018 0.036697
0 0.365880 0.012851 0.038002 0.025703
0 0.562295 0.466030 0.025656 0.062257
0 0.633679 0.858533 0.056492 0.025089
