0 0.903069 0.492346 0.072217 0.076379
0 0.970048 0.531859 0.059903 0.067179
0 0.680897 0.815107 0.071757 0.067259
0 0.635603 0.648913 0.115255 0.113225
0 0.605225 0.702107 0.063446 0.059187
0 0.713995 0.760949 0.045775 0.056282
0 0.463143 0.486966 0.044552 0.062259
0 0.373785 0.453405 0.047306 0.068513
0 0.525174 0.145720 0.040842 0.037741
0 0.203549 0.200758 0.050415 0.048115
0 0.979949 0.692666 0.040103 0.072281
0 0.885135 0.659777 0.053416 0.064392
0 0.410951 0.256630 0.019064 0.027797
0 0.433488 0.260065 0.016009 0.025386
0 0.456213 0.266592 0.020996 0.029656
0 0.476090 0.270812 0.017731 0.027714
