0 0.607912 0.491551 0.111278 0.062819
0 0.741897 0.548699 0.084130 0.090093
0 0.854744 0.495774 0.126929 0.092475
0 0.662458 0.366987 0.093071 0.061000
0 0.634021 0.442200 0.091963 0.057839
0 0.809928 0.188129 0.084419 0.098288
0 0.959127 0.154436 0.081746 0.063459
0 0.959359 0.076332 0.081281 0.055424
0 0.491797 0.106699 0.091626 0.020278
0 0.451368 0.141951 0.053762 0.018288
0 0.918600 0.626637 0.071665 0.064584
0 0.446470 0.934629 0.076084 0.047480
0 0.270557 0.816047 0.040435 0.024827
0 0.013094 0.886856 0.021939 0.022103
0 0.043709 0.872069 0.021476 0.030036
0 0.075471 0.857993 0.021224 0.025408
0 0.108055 0.845927 0.041142 0.033536
0 0.138341 0.759236 0.020515 0.028868
0 0.110400 0.757226 0.023500 0.026070
0 0.122650 0.724960 0.022299 0.023241
0 0.088774 0.711837 0.020897 0.023054
0 0.106442 0.692147 0.022304 0.024405
0 0.073071 0.671485 0.021915 0.023786
0 0.090536 0.658089 0.018313 0.022092
0 0.055579 0.640506 0.025093 0.024737
0 0.073397 0.621523 0.023235 0.022466
0 0.049822 0.600051 0.020504 0.022972
0 0.073001 0.591103 0.024040 0.027962
