0 0.228639 0.156066 0.066684 0.071134
0 0.304931 0.159621 0.052019 0.053606
0 0.470857 0.077640 0.044631 0.046540
0 0.500538 0.301969 0.077622 0.075728
0 0.258646 0.374447 0.055022 0.050667
0 0.102483 0.417111 0.035173 0.037468
0 0.066428 0.429186 0.029155 0.044139
0 0.213020 0.622319 0.049666 0.061546
0 0.120107 0.482473 0.036496 0.048256
0 0.406281 0.876257 0.034085 0.059157
0 0.818435 0.906389 0.046490 0.049671
0 0.859087 0.626948 0.039356 0.045457
0 0.767376 0.648250 0.033678 0.039943
0 0.699758 0.187946 0.051744 0.048841
0 0.952882 0.673116 0.025508 0.036025
0 0.671800 0.224795 0.039527 0.042222
0 0.659156 0.136422 0.036982 0.031454
0 0.687621 0.737051 0.016848 0.039622
0 0.654619 0.736244 0.016003 0.036963
0 0.335399 0.759846 0.039374 0.042484
0 0.426719 0.640854 0.029879 0.040588
0 0.397009 0.644536 0.027296 0.038315
0 0.188468 0.571898 0.040623 0.043049
