0 0.480275 0.642372 0.077628 0.043477
0 0.451223 0.541119 0.068195 0.042645
0 0.380585 0.584518 0.091471 0.056097
0 0.039663 0.437956 0.057517 0.041252
0 0.052015 0.347510 0.044007 0.045698
0 0.359818 0.295847 0.059638 0.078713
0 0.620241 0.273975 0.044844 0.057036
0 0.741226 0.536172 0.070254 0.037109
0 0.627207 0.587677 0.038590 0.038125
0 0.777631 0.751075 0.119087 0.060618
0 0.974124 0.857804 0.051751 0.066255
0 0.827780 0.513966 0.062379 0.041150
0 0.930556 0.564697 0.058244 0.039255
0 0.773899 0.640712 0.044007 0.042702
0 0.902857 0.662879 0.057568 0.036005
0 0.438638 0.368448 0.077281 0.026789
0 0.190523 0.781663 0.044259 0.058654
0 0.393015 0.816523 0.039811 0.036860
0 0.463266 0.975598 0.040504 0.048804
0 0.663592 0.733980 0.033946 0.041549
0 0.809525 0.128160 0.032455 0.015473
0 0.779880 0.107307 0.084393 0.020574
0 0.299129 0.025900 0.038821 0.026718
0 0.213713 0.520913 0.073082 0.015421
0 0.014988 0.506273 0.027685 0.015421
0 0.095546 0.543793 0.063682 0.051550
0 0.018020 0.646021 0.029028 0.024467
0 0.014860 0.677544 0.021010 0.022331
0 0.220043 0.940700 0.079354 0.019791
0 0.199924 0.911591 0.036506 0.017198
0 0.615205 0.478076 0.049628 0.086458
