0 0.533198 0.708318 0.070326 0.061149
0 0.572118 0.882848 0.061033 0.083745
0 0.728169 0.691818 0.064450 0.059508
0 0.908941 0.766429 0.049088 0.082378
0 0.657663 0.227827 0.033347 0.098175
0 0.683054 0.306963 0.063524 0.049451
0 0.599854 0.331012 0.060580 0.062029
0 0.056516 0.266424 0.040819 0.050341
0 0.116515 0.341073 0.041182 0.062348
0 0.462530 0.619767 0.062271 0.052047
0 0.180405 0.200821 0.049722 0.050082
0 0.244969 0.073621 0.065018 0.061821
0 0.137606 0.043484 0.050771 0.069475
0 0.704886 0.840381 0.025823 0.026935
0 0.697871 0.866237 0.029140 0.025574
