0 0.527366 0.616802 0.419993 0.162574
0 0.156214 0.724540 0.240212 0.114228
0 0.146332 0.806997 0.171798 0.089098
0 0.098822 0.901685 0.117826 0.072930
0 0.015774 0.928275 0.031547 0.056217
0 0.058913 0.981420 0.082098 0.034879
0 0.316800 0.922924 0.390345 0.151872
0 0.370582 0.967779 0.206766 0.053179
0 0.888255 0.634528 0.065375 0.134212
0 0.858609 0.541593 0.042570 0.033425
0 0.914861 0.728477 0.039529 0.042543
0 0.800076 0.497531 0.129228 0.109396
0 0.957051 0.924363 0.081338 0.148993
0 0.812239 0.647960 0.135310 0.230925
