0 0.093715 0.710236 0.064232 0.116240
0 0.172035 0.775497 0.055507 0.041232
0 0.220449 0.736277 0.045499 0.091561
0 0.544622 0.970443 0.052549 0.058442
0 0.507368 0.824587 0.030742 0.044967
0 0.501779 0.722095 0.068050 0.042971
0 0.551247 0.595229 0.107532 0.102380
0 0.905379 0.823397 0.088937 0.090047
0 0.501527 0.380684 0.085824 0.141919
0 0.527300 0.222881 0.036738 0.062595
0 0.574413 0.229064 0.033779 0.069937
0 0.624031 0.053199 0.104197 0.065898
0 0.444869 0.066545 0.060584 0.064867
0 0.322385 0.176859 0.056600 0.061517
0 0.392562 0.233330 0.037627 0.084556
0 0.400710 0.517467 0.051407 0.029252
0 0.574726 0.528400 0.042047 0.033697
0 0.528232 0.531499 0.040519 0.033649
0 0.448535 0.538935 0.029504 0.059677
0 0.423646 0.543075 0.021014 0.053508
0 0.486790 0.523337 0.036285 0.028552
0 0.478441 0.563699 0.026569 0.060755
