0 0.152595 0.535136 0.187033 0.148134
0 0.092923 0.182414 0.100939 0.086012
0 0.209892 0.047606 0.051063 0.051922
0 0.504691 0.061238 0.080156 0.073811
0 0.495191 0.278322 0.078970 0.079266
0 0.610677 0.244809 0.057000 0.051381
0 0.803052 0.101577 0.057002 0.053122
0 0.418597 0.021497 0.067094 0.042994
0 0.059970 0.646327 0.065908 0.074247
0 0.160610 0.808213 0.169814 0.157192
0 0.228595 0.869014 0.057594 0.052200
0 0.040078 0.981931 0.078375 0.033647
0 0.021523 0.741815 0.043047 0.078964
0 0.400487 0.569757 0.064127 0.062283
0 0.474409 0.497618 0.065906 0.064202
0 0.351798 0.714195 0.077187 0.072367
0 0.309791 0.969475 0.078672 0.058559
0 0.458823 0.964730 0.097672 0.068050
0 0.665598 0.889209 0.080156 0.080619
0 0.468175 0.717795 0.072438 0.073633
0 0.786130 0.847957 0.073031 0.071773
0 0.810029 0.685723 0.073923 0.067623
0 0.775739 0.512880 0.068875 0.067166
0 0.693504 0.443707 0.107470 0.093720
0 0.638284 0.470697 0.052844 0.050419
0 0.577426 0.557004 0.078377 0.091348
0 0.575347 0.632337 0.049281 0.043897
0 0.714879 0.942568 0.074220 0.067620
0 0.702113 0.976890 0.086689 0.043730
0 0.914084 0.182710 0.054627 0.046267
0 0.285298 0.573909 0.051063 0.051606
0 0.378518 0.655767 0.092623 0.080078
0 0.334283 0.903122 0.049281 0.048047
