0 0.984152 0.382078 0.031696 0.082547
0 0.362746 0.096542 0.071077 0.052469
0 0.176670 0.130798 0.072216 0.064872
0 0.509262 0.101171 0.045056 0.089943
0 0.334264 0.475308 0.039286 0.124899
0 0.360895 0.471929 0.037817 0.139395
0 0.427335 0.455583 0.046269 0.085265
0 0.394615 0.448355 0.026473 0.079732
0 0.385020 0.527857 0.018488 0.046724
0 0.691844 0.501477 0.025936 0.076132
0 0.663669 0.488942 0.021728 0.052824
0 0.607268 0.478882 0.022537 0.063809
0 0.633059 0.487662 0.026630 0.059706
0 0.189494 0.325750 0.064367 0.077510
