0 0.402868 0.444417 0.040843 0.033609
0 0.252971 0.460756 0.068461 0.040966
0 0.039097 0.437677 0.073023 0.063919
0 0.246366 0.842604 0.049732 0.046572
0 0.163760 0.835510 0.086808 0.045069
0 0.095716 0.845301 0.044463 0.041564
0 0.034181 0.868940 0.068362 0.060039
0 0.835683 0.918987 0.063932 0.047399
0 0.561674 0.765621 0.045214 0.042487
0 0.372782 0.660972 0.044959 0.036211
0 0.908717 0.212226 0.050983 0.035793
0 0.915079 0.141309 0.050327 0.033758
0 0.726931 0.194564 0.040742 0.058646
0 0.098780 0.017389 0.064652 0.034778
0 0.686910 0.420427 0.038601 0.017891
0 0.254271 0.766675 0.035759 0.019238
0 0.249023 0.803773 0.039972 0.019044
0 0.136988 0.627176 0.056233 0.022658
