0 0.807747 0.685124 0.072652 0.069796
0 0.964744 0.478942 0.065144 0.085994
0 0.990032 0.880065 0.019937 0.078948
0 0.446117 0.668463 0.067250 0.043473
0 0.057504 0.648918 0.070557 0.093331
0 0.267627 0.946063 0.045918 0.059358
0 0.308736 0.926117 0.042892 0.058741
0 0.406867 0.753175 0.113715 0.024820
0 0.300139 0.642011 0.053670 0.052556
0 0.058147 0.495029 0.081333 0.050471
0 0.125529 0.468371 0.040289 0.036997
0 0.206793 0.545910 0.064177 0.026643
0 0.178895 0.398538 0.063213 0.033466
0 0.214749 0.275005 0.068461 0.049870
0 0.184563 0.328637 0.092623 0.055993
0 0.834997 0.531357 0.070410 0.035899
0 0.948302 0.410098 0.080227 0.041199
0 0.964826 0.387437 0.050319 0.031358
0 0.787783 0.050134 0.050053 0.068244
0 0.913768 0.023676 0.041545 0.047352
0 0.558671 0.184357 0.061043 0.061760
0 0.282749 0.083734 0.053330 0.046919
0 0.541267 0.487525 0.045059 0.047111
