0 0.964702 0.308001 0.070596 0.087844
0 0.720477 0.426708 0.038488 0.060081
0 0.369105 0.288807 0.120026 0.069167
0 0.371989 0.352822 0.114051 0.055947
0 0.170327 0.470273 0.052163 0.079484
0 0.169681 0.323161 0.084057 0.067300
0 0.630784 0.303992 0.019845 0.038403
0 0.475728 0.563213 0.054128 0.037537
0 0.472953 0.774920 0.055117 0.043937
0 0.530465 0.601125 0.017079 0.078282
0 0.533140 0.750825 0.017837 0.077560
0 0.506128 0.731282 0.012882 0.038862
0 0.504897 0.613844 0.020994 0.041094
0 0.679400 0.944267 0.021440 0.062867
0 0.647837 0.933594 0.017902 0.038695
0 0.629779 0.946948 0.016904 0.018956
0 0.539904 0.959976 0.049655 0.054295
0 0.222296 0.079592 0.040203 0.052277
