0 0.920623 0.825083 0.095677 0.073068
0 0.933525 0.919330 0.046360 0.049404
0 0.399276 0.858003 0.065172 0.057948
0 0.836574 0.517683 0.059609 0.081287
0 0.686153 0.563453 0.065747 0.071910
0 0.643927 0.303624 0.051024 0.040408
0 0.215647 0.240571 0.077908 0.083731
0 0.033874 0.617085 0.055069 0.069751
0 0.172103 0.805134 0.043856 0.055425
0 0.245964 0.806654 0.064185 0.016055
0 0.092564 0.244428 0.072712 0.042953
0 0.052972 0.137036 0.065022 0.051393
0 0.023419 0.399361 0.046838 0.047677
0 0.805914 0.366226 0.040219 0.040811
0 0.881874 0.394909 0.055940 0.062301
0 0.965670 0.342804 0.041410 0.051761
0 0.870752 0.441767 0.029819 0.044657
0 0.991142 0.728036 0.017717 0.041866
0 0.385701 0.741213 0.029891 0.037554
