0 0.947630 0.880580 0.086095 0.082452
0 0.937537 0.692143 0.071845 0.062667
0 0.831552 0.801126 0.049877 0.049292
0 0.878459 0.969193 0.119938 0.059123
0 0.966809 0.983425 0.063888 0.030659
0 0.413994 0.936636 0.047797 0.048641
0 0.048687 0.849761 0.029094 0.033859
0 0.028500 0.860117 0.030281 0.036778
0 0.131517 0.581380 0.072437 0.093836
0 0.228595 0.555818 0.049283 0.046267
0 0.228891 0.611935 0.074814 0.052667
0 0.265705 0.608673 0.057000 0.042584
0 0.018555 0.445784 0.037109 0.064656
0 0.326861 0.223155 0.053438 0.055975
0 0.324487 0.115063 0.046314 0.053336
0 0.958497 0.248553 0.080513 0.073553
0 0.380894 0.624829 0.052250 0.040742
0 0.882912 0.762274 0.099158 0.102089
0 0.381636 0.977780 0.079266 0.041950
