0 0.275332 0.929784 0.068537 0.076053
0 0.511475 0.940006 0.070090 0.074748
0 0.639746 0.915663 0.080577 0.066143
0 0.040158 0.762188 0.057113 0.088485
0 0.235698 0.573722 0.060204 0.038479
0 0.365929 0.593431 0.071509 0.088759
0 0.481659 0.617712 0.061677 0.053812
0 0.498823 0.492704 0.074162 0.049934
0 0.193345 0.437238 0.069353 0.040449
0 0.219067 0.284839 0.049160 0.067272
0 0.095885 0.277957 0.051290 0.033854
0 0.211609 0.122619 0.061912 0.039542
0 0.484410 0.295741 0.040414 0.054937
0 0.414502 0.113841 0.026648 0.022558
0 0.414355 0.142759 0.049446 0.029846
