0 0.129748 0.645411 0.038300 0.044531
0 0.276432 0.815522 0.036777 0.038000
0 0.417312 0.666786 0.056352 0.038594
0 0.479891 0.200541 0.035591 0.048391
0 0.768506 0.040672 0.043372 0.048687
0 0.877319 0.279361 0.035591 0.042750
0 0.693184 0.333838 0.037461 0.047798
0 0.793087 0.909779 0.036775 0.041861
0 0.876726 0.878013 0.046267 0.046017
0 0.840541 0.641403 0.021355 0.050172
0 0.861302 0.644966 0.017795 0.050172
0 0.882657 0.647341 0.016608 0.044234
0 0.921213 0.670200 0.020167 0.043641
0 0.939602 0.673019 0.021355 0.034437
0 0.448750 0.407167 0.039744 0.037703
0 0.403966 0.921209 0.037962 0.052252
0 0.330412 0.399299 0.046267 0.045123
