0 0.341999 0.028699 0.051533 0.028561
0 0.013164 0.279332 0.026329 0.044302
0 0.185994 0.951114 0.072474 0.078420
0 0.238688 0.993868 0.021910 0.012263
0 0.179366 0.685589 0.051872 0.069306
0 0.213416 0.670883 0.052097 0.110319
0 0.244480 0.650755 0.057405 0.102181
0 0.901723 0.617381 0.111649 0.087475
0 0.903792 0.452510 0.023539 0.049095
0 0.942666 0.446636 0.024947 0.049765
0 0.967686 0.505219 0.024392 0.036345
0 0.978362 0.552343 0.022269 0.050795
0 0.991878 0.661767 0.016244 0.065322
0 0.984015 0.429058 0.026444 0.050566
0 0.254835 0.181609 0.022990 0.054184
