0 0.285298 0.142552 0.052250 0.048108
0 0.186439 0.115529 0.057594 0.045139
0 0.149923 0.590728 0.073627 0.081825
0 0.258283 0.716320 0.075406 0.023069
0 0.065312 0.705880 0.056406 0.036823
0 0.078673 0.812968 0.040377 0.036458
0 0.861834 0.319343 0.067686 0.041370
0 0.792364 0.402687 0.051062 0.055234
0 0.752880 0.588880 0.039781 0.034447
0 0.989966 0.549681 0.017575 0.045138
0 0.984622 0.604915 0.028263 0.064142
0 0.079859 0.262523 0.060562 0.046919
0 0.067687 0.323697 0.052844 0.042169
0 0.223994 0.300237 0.041859 0.040386
0 0.138048 0.386651 0.040375 0.037417
0 0.295986 0.526590 0.023750 0.021236
0 0.133594 0.490220 0.039781 0.035777
0 0.137602 0.844263 0.036517 0.027322
0 0.268673 0.856763 0.036813 0.018950
0 0.260806 0.894768 0.033547 0.020148
0 0.864802 0.600757 0.079561 0.060580
0 0.680739 0.737952 0.047500 0.058203
