0 0.648481 0.622405 0.061505 0.059092
0 0.725204 0.524377 0.059477 0.048636
0 0.731710 0.458453 0.066805 0.062901
0 0.838679 0.667754 0.042651 0.072082
0 0.396274 0.388745 0.057890 0.062389
0 0.147777 0.418218 0.085758 0.078009
0 0.147384 0.340571 0.059337 0.068003
0 0.122149 0.252345 0.123393 0.099773
0 0.182353 0.140713 0.035566 0.048778
0 0.291443 0.021811 0.034501 0.038214
0 0.027627 0.759777 0.030860 0.033651
0 0.820156 0.137791 0.039939 0.031224
0 0.376570 0.261211 0.063745 0.046085
0 0.461185 0.069242 0.048638 0.064729
