0 0.228294 0.931101 0.071183 0.100220
0 0.573761 0.970063 0.085956 0.055836
0 0.569195 0.787236 0.063668 0.082665
0 0.109152 0.642782 0.053977 0.048377
0 0.974174 0.752870 0.051653 0.063847
0 0.930001 0.591081 0.071945 0.053677
0 0.679880 0.609581 0.046706 0.039476
0 0.365226 0.267246 0.118463 0.095286
0 0.121061 0.318105 0.089388 0.056875
0 0.050361 0.130400 0.074304 0.061253
0 0.102483 0.417832 0.042934 0.071039
0 0.430769 0.078925 0.042338 0.095505
0 0.418316 0.413876 0.119747 0.067929
0 0.958953 0.939968 0.049227 0.032364
0 0.689392 0.483363 0.048073 0.041513
