0 0.504195 0.990589 0.091109 0.018822
0 0.544466 0.752479 0.065380 0.036591
0 0.330998 0.422577 0.044705 0.074204
0 0.012935 0.397065 0.025871 0.037498
0 0.095758 0.396139 0.032519 0.058592
0 0.218148 0.489213 0.045887 0.042561
0 0.239181 0.263298 0.041905 0.044667
0 0.186886 0.230745 0.049865 0.036731
0 0.107243 0.278866 0.081877 0.018912
0 0.021134 0.281199 0.042267 0.021333
0 0.109197 0.074367 0.063473 0.038218
0 0.176318 0.048037 0.040663 0.026578
0 0.459448 0.045972 0.052853 0.050243
0 0.561139 0.105200 0.045317 0.059642
0 0.522931 0.199196 0.038213 0.047129
0 0.626694 0.182371 0.054323 0.051627
0 0.652337 0.382941 0.047726 0.047243
0 0.726094 0.141551 0.053452 0.081671
0 0.128588 0.232656 0.036974 0.038013
0 0.478202 0.845438 0.075330 0.025851
0 0.788933 0.854085 0.023614 0.025742
0 0.785671 0.881005 0.023107 0.026114
0 0.865834 0.285253 0.097861 0.039737
0 0.203219 0.596952 0.041234 0.039485
0 0.401433 0.629425 0.032503 0.034769
0 0.071370 0.943068 0.047538 0.067706
0 0.762400 0.209516 0.074824 0.033205
0 0.716025 0.191072 0.023099 0.018369
0 0.859118 0.626466 0.020893 0.016311
0 0.859267 0.655563 0.020037 0.019627
0 0.462185 0.244626 0.046432 0.064169
