0 0.941250 0.562340 0.064469 0.090712
0 0.919838 0.649775 0.049911 0.069013
0 0.968748 0.482164 0.062503 0.075653
0 0.961758 0.399868 0.051535 0.055691
0 0.937173 0.359517 0.048385 0.051960
0 0.714856 0.480576 0.061949 0.090589
0 0.655243 0.248275 0.079995 0.065764
0 0.495072 0.072281 0.069241 0.084540
0 0.703991 0.746226 0.056860 0.070792
0 0.876386 0.763903 0.053522 0.058139
0 0.785159 0.693407 0.031626 0.052027
0 0.765543 0.577674 0.091575 0.082873
0 0.489921 0.867106 0.060893 0.102873
0 0.431110 0.711578 0.086819 0.080972
0 0.099238 0.621987 0.045778 0.042262
0 0.086776 0.265533 0.042109 0.045814
0 0.253314 0.249233 0.052488 0.073132
0 0.250391 0.072863 0.049654 0.062008
0 0.062483 0.684591 0.093864 0.165305
0 0.395092 0.979970 0.050555 0.040060
0 0.879757 0.162645 0.035349 0.080871
