0 0.221134 0.935766 0.037654 0.039769
0 0.034072 0.762595 0.017746 0.083963
0 0.048432 0.924155 0.019991 0.046148
0 0.100190 0.574168 0.023596 0.067026
0 0.053376 0.317130 0.026067 0.094839
0 0.035950 0.296475 0.022061 0.052261
0 0.225545 0.582474 0.038404 0.066879
0 0.467939 0.356674 0.074544 0.046970
0 0.398759 0.106153 0.039228 0.057377
0 0.381660 0.051839 0.066594 0.050083
0 0.012531 0.640842 0.025062 0.042090
0 0.093064 0.292476 0.028230 0.033320
0 0.077739 0.166468 0.040697 0.040264
0 0.514396 0.168627 0.040965 0.060185
0 0.769319 0.365928 0.035279 0.053383
0 0.917718 0.351412 0.040309 0.061719
0 0.938053 0.473724 0.033630 0.062080
0 0.794152 0.538994 0.036121 0.061617
0 0.674998 0.782882 0.019359 0.078214
0 0.627523 0.676481 0.037887 0.045518
0 0.770079 0.799215 0.025762 0.125256
0 0.792043 0.751261 0.017014 0.031935
0 0.837585 0.089708 0.025463 0.038946
0 0.858455 0.096804 0.026714 0.041605
0 0.881144 0.104710 0.023166 0.036746
0 0.813081 0.365317 0.035997 0.062269
0 0.710937 0.166890 0.129711 0.093677
0 0.504857 0.104382 0.016880 0.035529
0 0.533758 0.114113 0.018099 0.041335
0 0.104262 0.228110 0.013344 0.039186
0 0.126111 0.227957 0.018254 0.016985
0 0.183273 0.226629 0.016497 0.018997
0 0.223805 0.166302 0.018614 0.017174
0 0.196556 0.185046 0.010370 0.013977
