0 0.046881 0.576127 0.049147 0.047469
0 0.206137 0.667622 0.074493 0.062967
0 0.358641 0.760123 0.057390 0.068429
0 0.493939 0.878136 0.059344 0.066907
0 0.517928 0.960042 0.046258 0.048151
0 0.574751 0.954574 0.037185 0.034008
0 0.594055 0.933518 0.039962 0.030142
0 0.721757 0.983202 0.076360 0.033595
0 0.665121 0.725469 0.065202 0.054409
0 0.851069 0.756837 0.073039 0.061991
0 0.800832 0.504663 0.067884 0.056610
0 0.923062 0.216321 0.090043 0.076226
0 0.432271 0.344129 0.071198 0.073962
0 0.521576 0.252277 0.067763 0.065680
0 0.656454 0.934736 0.058145 0.052392
0 0.586081 0.317649 0.052963 0.050599
0 0.630252 0.212065 0.056821 0.041592
0 0.642157 0.234415 0.058134 0.041676
0 0.928082 0.093523 0.055970 0.055415
0 0.690075 0.298293 0.053887 0.048478
0 0.533300 0.352395 0.044876 0.043142
0 0.446226 0.164603 0.052440 0.054942
0 0.399586 0.181166 0.071224 0.053167
0 0.490327 0.136248 0.041656 0.045616
