0 0.917076 0.829651 0.040772 0.037739
0 0.855130 0.927651 0.033785 0.029664
0 0.317335 0.965956 0.066314 0.021877
0 0.916028 0.540431 0.065485 0.029461
0 0.797727 0.375430 0.065864 0.057637
0 0.422952 0.502779 0.097133 0.052709
0 0.924346 0.159096 0.042656 0.038933
0 0.860807 0.182301 0.069684 0.038709
0 0.599672 0.218788 0.043607 0.033791
0 0.632279 0.077561 0.121644 0.078229
0 0.015138 0.141573 0.030276 0.040419
0 0.239618 0.389194 0.059608 0.017454
0 0.018510 0.589841 0.024823 0.040815
0 0.250698 0.576637 0.079746 0.028475
0 0.020842 0.367493 0.035642 0.033712
0 0.024265 0.419108 0.040426 0.040242
0 0.219016 0.266256 0.100694 0.048456
0 0.848515 0.268413 0.037912 0.018971
0 0.214269 0.127962 0.093811 0.018823
