0 0.780578 0.221491 0.053366 0.047526
0 0.791587 0.278926 0.035636 0.066544
0 0.940476 0.200208 0.052338 0.066142
0 0.858497 0.139544 0.042486 0.058771
0 0.558318 0.163657 0.076053 0.092903
0 0.539054 0.527848 0.045809 0.077940
0 0.111417 0.146783 0.043594 0.117883
0 0.026256 0.385304 0.041605 0.111969
0 0.202630 0.621425 0.064245 0.062064
0 0.651078 0.765429 0.080134 0.052757
0 0.537332 0.656618 0.069851 0.035398
0 0.611342 0.613527 0.080576 0.052004
0 0.604127 0.483026 0.079510 0.051942
0 0.534255 0.371033 0.075695 0.067200
0 0.333829 0.052085 0.113985 0.049496
0 0.166211 0.711478 0.060333 0.039643
0 0.156109 0.633992 0.039970 0.077005
0 0.383562 0.757428 0.064000 0.038983
0 0.455238 0.139868 0.050134 0.058330
