0 0.476488 0.808554 0.153231 0.063004
0 0.483355 0.781557 0.151756 0.065333
0 0.493046 0.756749 0.154328 0.062477
0 0.497482 0.729629 0.147459 0.061081
0 0.504052 0.704371 0.157582 0.063905
0 0.515051 0.682575 0.158031 0.064838
0 0.521429 0.656154 0.146904 0.066017
0 0.531523 0.632836 0.144198 0.063719
0 0.536259 0.611041 0.148846 0.059868
0 0.805579 0.871088 0.072423 0.139535
0 0.940728 0.878640 0.063284 0.066447
0 0.556903 0.886303 0.079665 0.144904
0 0.217863 0.705655 0.096862 0.112886
0 0.185494 0.950212 0.056474 0.039341
0 0.091352 0.908046 0.044885 0.031820
