0 0.196343 0.779780 0.046052 0.040970
0 0.036995 0.668850 0.073991 0.057746
0 0.229164 0.694164 0.046728 0.041816
0 0.735281 0.847559 0.042934 0.044962
0 0.796807 0.225150 0.058162 0.052717
0 0.700667 0.276905 0.075894 0.065669
0 0.713580 0.696179 0.053244 0.041940
0 0.694211 0.534277 0.042484 0.036975
0 0.683008 0.230336 0.074462 0.046272
0 0.481282 0.506880 0.058838 0.029095
0 0.553769 0.257009 0.058136 0.035266
0 0.494987 0.279353 0.059204 0.024806
0 0.384803 0.146713 0.041472 0.038815
0 0.651483 0.184052 0.040576 0.034883
0 0.674228 0.194997 0.038861 0.035221
0 0.243800 0.352159 0.040912 0.021044
