0 0.302469 0.652066 0.053660 0.055945
0 0.630459 0.960829 0.014552 0.057407
0 0.635129 0.894337 0.017148 0.055914
0 0.593074 0.977018 0.016648 0.043507
0 0.300017 0.939579 0.013801 0.057104
0 0.272138 0.941361 0.020573 0.059019
0 0.229134 0.785758 0.038211 0.040702
0 0.044336 0.871704 0.037445 0.040475
0 0.274472 0.304433 0.060910 0.103972
0 0.157458 0.449104 0.022677 0.069731
0 0.168274 0.327494 0.027990 0.055723
0 0.124578 0.338339 0.031137 0.040028
0 0.226759 0.158688 0.059522 0.048128
0 0.148861 0.093486 0.062825 0.041578
0 0.321809 0.007773 0.015508 0.015546
0 0.288716 0.008215 0.017733 0.016429
0 0.481646 0.157943 0.019863 0.059972
