0 0.600880 0.549931 0.038614 0.033858
0 0.749137 0.521877 0.066597 0.036744
0 0.964628 0.529895 0.070480 0.059327
0 0.729214 0.140694 0.046899 0.044718
0 0.811980 0.141504 0.084220 0.040392
0 0.880037 0.127188 0.044003 0.038773
0 0.949364 0.099566 0.085936 0.056456
0 0.135840 0.104886 0.060985 0.045190
0 0.420906 0.239202 0.044547 0.039594
0 0.615776 0.330852 0.042777 0.034928
0 0.112314 0.815029 0.048684 0.034666
0 0.110875 0.885651 0.048109 0.033470
0 0.295216 0.820790 0.037401 0.056903
0 0.933950 0.955899 0.062327 0.039206
0 0.318502 0.591908 0.038566 0.017853
0 0.726620 0.217077 0.034767 0.017602
0 0.729073 0.179893 0.039202 0.017201
0 0.853307 0.347995 0.055638 0.019326
