0 0.392472 0.975977 0.069469 0.045409
0 0.563175 0.817720 0.040375 0.042395
0 0.736552 0.900685 0.071250 0.068895
0 0.809584 0.975234 0.081939 0.045705
0 0.965622 0.800945 0.066263 0.067631
0 0.893303 0.525924 0.074813 0.071270
0 0.383268 0.485835 0.047502 0.036230
0 0.431362 0.481757 0.048687 0.038445
0 0.115187 0.181123 0.077781 0.040913
0 0.152298 0.071116 0.114000 0.041834
0 0.602364 0.351016 0.066500 0.048108
0 0.664411 0.479531 0.050469 0.046462
0 0.296580 0.016191 0.060562 0.032381
0 0.469659 0.710038 0.063533 0.027320
0 0.279658 0.529555 0.044531 0.047648
