0 0.397243 0.764891 0.055831 0.065346
0 0.349765 0.913445 0.066112 0.058518
0 0.283436 0.659588 0.038282 0.097385
0 0.239587 0.792954 0.049062 0.050134
0 0.062518 0.476750 0.038996 0.046509
0 0.365777 0.606653 0.058443 0.055890
0 0.502663 0.736312 0.053910 0.054699
0 0.491379 0.586460 0.047141 0.053339
0 0.678019 0.660740 0.059775 0.059254
0 0.641344 0.536909 0.049533 0.054741
0 0.646150 0.347464 0.061655 0.063031
0 0.647030 0.270852 0.069805 0.075068
0 0.639128 0.092877 0.065526 0.067872
0 0.462371 0.254825 0.056648 0.060619
0 0.419934 0.316955 0.047139 0.054002
0 0.691119 0.822589 0.057089 0.052413
0 0.604493 0.857798 0.039727 0.047146
0 0.581923 0.870378 0.044697 0.057513
0 0.910846 0.387802 0.070069 0.058461
0 0.824272 0.783120 0.044517 0.045884
0 0.685921 0.353616 0.046329 0.047273
0 0.785057 0.750030 0.048164 0.059459
0 0.310619 0.255025 0.094002 0.088155
