0 0.294025 0.828788 0.074727 0.056621
0 0.664732 0.967154 0.053417 0.040458
0 0.498485 0.774663 0.058686 0.062889
0 0.799734 0.905514 0.059428 0.066062
0 0.864261 0.941311 0.087805 0.066050
0 0.921559 0.824156 0.058816 0.054994
0 0.961123 0.581395 0.061359 0.070590
0 0.914384 0.492793 0.043616 0.050658
0 0.910113 0.325483 0.058818 0.047317
0 0.704472 0.281729 0.080352 0.067002
0 0.769113 0.353236 0.069295 0.063151
0 0.288574 0.345216 0.069424 0.067222
0 0.925581 0.434108 0.051234 0.046421
0 0.832556 0.504483 0.068073 0.055114
0 0.792864 0.505385 0.047400 0.039962
