0 0.711906 0.735334 0.063718 0.062002
0 0.908135 0.057422 0.048220 0.069704
0 0.642182 0.100954 0.120456 0.089707
0 0.500608 0.022697 0.065091 0.045394
0 0.360307 0.709778 0.077340 0.104749
0 0.355718 0.511303 0.053254 0.096999
0 0.320254 0.532267 0.051651 0.112884
0 0.287231 0.558828 0.040965 0.073291
0 0.159347 0.419313 0.034731 0.055841
0 0.187349 0.410082 0.034731 0.056828
0 0.338828 0.309062 0.059638 0.134232
0 0.798279 0.064106 0.040517 0.089703
0 0.830532 0.081573 0.021681 0.036443
0 0.280371 0.268796 0.031005 0.037517
