0 0.735334 0.711906 0.062002 0.063718
0 0.057422 0.908135 0.069704 0.048220
0 0.100954 0.642182 0.089707 0.120456
0 0.022697 0.500608 0.045394 0.065091
0 0.709778 0.360307 0.104749 0.077340
0 0.511303 0.355718 0.096999 0.053254
0 0.532267 0.320254 0.112884 0.051651
0 0.558828 0.287231 0.073291 0.040965
0 0.419313 0.159347 0.055841 0.034731
0 0.410082 0.187349 0.056828 0.034731
0 0.309062 0.338828 0.134232 0.059638
0 0.064106 0.798279 0.089703 0.040517
0 0.081573 0.830532 0.036443 0.021681
0 0.268796 0.280371 0.037517 0.031005
