0 0.930782 0.845190 0.060992 0.060047
0 0.633408 0.162697 0.041798 0.030513
0 0.676194 0.134285 0.035404 0.057336
0 0.085409 0.402143 0.095384 0.091719
0 0.131579 0.883262 0.042863 0.050594
0 0.142027 0.817035 0.033963 0.055029
0 0.059023 0.845860 0.037068 0.066247
0 0.371259 0.921556 0.068619 0.062870
0 0.650603 0.669218 0.047163 0.049534
0 0.697876 0.495563 0.049444 0.051877
0 0.778251 0.302251 0.042126 0.045848
0 0.764023 0.553754 0.042060 0.042140
0 0.770512 0.854492 0.049921 0.052394
0 0.233033 0.884989 0.051104 0.051262
0 0.896284 0.733882 0.033381 0.033158
0 0.885674 0.754448 0.039596 0.036863
0 0.789073 0.747212 0.025518 0.035983
0 0.831554 0.843928 0.024566 0.041211
0 0.102938 0.620708 0.041350 0.044443
