0 0.395956 0.584963 0.060638 0.073569
0 0.541352 0.589222 0.048951 0.104600
0 0.610289 0.541747 0.035915 0.041232
0 0.607758 0.476467 0.036463 0.028037
0 0.497035 0.238426 0.040537 0.064648
0 0.452698 0.690527 0.053907 0.039491
0 0.493274 0.900223 0.046964 0.041557
0 0.333748 0.799087 0.059380 0.057186
0 0.258865 0.756684 0.064006 0.047422
0 0.208106 0.828180 0.065879 0.076456
0 0.192727 0.943467 0.036877 0.040610
0 0.283820 0.593644 0.041960 0.059956
0 0.368755 0.691153 0.035400 0.043126
0 0.189578 0.502705 0.070293 0.062217
0 0.117772 0.520586 0.049893 0.051113
0 0.055360 0.326217 0.052442 0.069431
