0 0.598316 0.936426 0.091517 0.017731
0 0.637883 0.910072 0.180348 0.016981
0 0.715152 0.888750 0.183187 0.022101
0 0.479210 0.887457 0.078766 0.018210
0 0.471735 0.856651 0.077457 0.019074
0 0.463008 0.828920 0.062699 0.016665
0 0.449038 0.800930 0.051078 0.011133
0 0.435784 0.772683 0.038430 0.017316
0 0.403834 0.731757 0.087859 0.015466
0 0.395130 0.702978 0.097813 0.019899
0 0.433602 0.677345 0.035786 0.013575
0 0.514848 0.744080 0.107139 0.018868
0 0.520931 0.717757 0.100060 0.020655
0 0.504989 0.692155 0.074545 0.014744
0 0.573763 0.806793 0.043207 0.017492
0 0.634309 0.791434 0.063604 0.017835
0 0.641508 0.762506 0.044382 0.015235
0 0.625879 0.699394 0.045192 0.021649
0 0.622774 0.670753 0.046498 0.017286
0 0.606343 0.641629 0.041578 0.023710
0 0.615637 0.614809 0.029376 0.011373
