0 0.076578 0.673953 0.073003 0.119772
0 0.149969 0.745620 0.056866 0.045424
0 0.200980 0.711016 0.052714 0.094508
0 0.502398 0.970844 0.055337 0.058311
0 0.479102 0.824237 0.033376 0.046742
0 0.482214 0.720693 0.070902 0.047314
0 0.542884 0.599036 0.115183 0.109422
0 0.876119 0.857255 0.093876 0.096970
0 0.512050 0.381034 0.095908 0.146999
0 0.551154 0.225159 0.041663 0.062179
0 0.597989 0.236469 0.039190 0.071573
0 0.662361 0.065987 0.107482 0.074174
0 0.482982 0.063273 0.064646 0.068800
0 0.350237 0.160629 0.059771 0.060715
0 0.416427 0.226612 0.044059 0.084250
0 0.399891 0.508059 0.052214 0.032247
0 0.571600 0.534912 0.044069 0.035964
0 0.525565 0.533726 0.042904 0.036037
0 0.445673 0.534436 0.033165 0.061752
0 0.420592 0.536939 0.024778 0.053578
0 0.484268 0.522238 0.037159 0.031323
0 0.473222 0.562543 0.031261 0.060140
