0 0.231942 0.291013 0.057407 0.044502
0 0.108032 0.106093 0.051046 0.027286
0 0.234315 0.339997 0.048502 0.039037
0 0.256854 0.415044 0.054004 0.061854
0 0.157534 0.480852 0.033672 0.033470
0 0.155149 0.333694 0.042045 0.046974
0 0.672968 0.118707 0.037259 0.034880
0 0.827416 0.102105 0.039276 0.039142
0 0.764127 0.107296 0.029813 0.039278
0 0.298790 0.693932 0.079065 0.047010
0 0.280667 0.738706 0.038465 0.041718
0 0.387789 0.736900 0.039368 0.054742
0 0.361539 0.810522 0.073795 0.070376
0 0.213840 0.888169 0.052589 0.039896
0 0.163405 0.746785 0.053553 0.057730
0 0.058280 0.704075 0.031506 0.035189
0 0.093764 0.697683 0.026232 0.034364
0 0.126670 0.615932 0.037239 0.041098
0 0.064243 0.622120 0.032651 0.039587
0 0.360898 0.886791 0.036580 0.058313
0 0.103005 0.903004 0.079653 0.023190
0 0.394428 0.986150 0.074677 0.027699
0 0.773640 0.793931 0.090161 0.046015
0 0.814155 0.910866 0.039668 0.038314
0 0.618728 0.682343 0.041845 0.053537
0 0.756986 0.845973 0.057523 0.058898
0 0.700907 0.309196 0.037858 0.044603
0 0.820740 0.352249 0.061078 0.033056
0 0.989758 0.461486 0.019593 0.016624
0 0.991623 0.496465 0.016755 0.018554
0 0.594353 0.534704 0.035198 0.040102
0 0.589789 0.316519 0.059644 0.045979
0 0.566254 0.249700 0.056328 0.036942
