0 0.167471 0.879159 0.066161 0.063722
0 0.054332 0.701154 0.062159 0.069336
0 0.597737 0.476291 0.074761 0.083339
0 0.774212 0.570631 0.059419 0.068183
0 0.717129 0.496032 0.078131 0.089044
0 0.807575 0.409812 0.048962 0.049009
0 0.915452 0.431810 0.046713 0.047197
0 0.770347 0.291068 0.050960 0.048289
0 0.885632 0.204045 0.071092 0.062694
0 0.580966 0.181260 0.053675 0.052152
0 0.347947 0.228932 0.044095 0.041078
0 0.375577 0.928721 0.054485 0.049473
0 0.790351 0.858551 0.056633 0.067932
0 0.606908 0.716182 0.059471 0.065964
0 0.631590 0.762406 0.056836 0.058329
0 0.851826 0.171894 0.059044 0.055460
0 0.784935 0.738706 0.063060 0.066376
0 0.891279 0.592693 0.065282 0.053959
0 0.930510 0.639372 0.048023 0.048477
0 0.757539 0.945169 0.071304 0.061786
0 0.746805 0.202399 0.037948 0.033201
0 0.798790 0.168189 0.021249 0.020383
0 0.721158 0.185009 0.029335 0.026368
0 0.742801 0.171803 0.023809 0.022396
