0 0.474026 0.020372 0.090048 0.040744
0 0.272934 0.165827 0.039561 0.042526
0 0.137313 0.264432 0.056932 0.068947
0 0.933232 0.927665 0.047818 0.036930
0 0.594445 0.729235 0.032838 0.040212
0 0.557742 0.731670 0.035683 0.041219
0 0.429104 0.834417 0.042821 0.026791
0 0.422537 0.805049 0.039468 0.029165
0 0.406850 0.943758 0.041643 0.030979
0 0.388033 0.919051 0.053116 0.032117
0 0.107122 0.804572 0.035838 0.021166
0 0.102550 0.784637 0.037507 0.021406
0 0.096248 0.472677 0.043747 0.039645
0 0.174537 0.370764 0.060148 0.038413
0 0.111470 0.410298 0.024831 0.015153
