0 0.170413 0.879116 0.068819 0.106010
0 0.255205 0.409887 0.062152 0.097753
0 0.315997 0.434215 0.073017 0.101803
0 0.032316 0.435617 0.025686 0.049912
0 0.058230 0.370574 0.031357 0.047168
0 0.039617 0.278447 0.029974 0.065720
0 0.090211 0.216297 0.038832 0.068803
0 0.054003 0.202563 0.029481 0.067229
0 0.078898 0.032106 0.028377 0.052693
0 0.472292 0.009739 0.025028 0.019478
0 0.427860 0.113805 0.028555 0.078865
0 0.465847 0.125269 0.029531 0.066459
0 0.496823 0.122872 0.025610 0.044113
0 0.417077 0.267597 0.023072 0.034635
