0 0.088470 0.382705 0.042155 0.046081
0 0.256205 0.224792 0.049875 0.048706
0 0.324338 0.257154 0.070953 0.049233
0 0.233048 0.017939 0.060563 0.035878
0 0.654020 0.018828 0.055812 0.037656
0 0.921655 0.243511 0.044234 0.044488
0 0.816708 0.288402 0.039187 0.042497
0 0.856490 0.506661 0.064127 0.048488
0 0.835709 0.664962 0.072439 0.071181
0 0.970668 0.883722 0.056170 0.071425
0 0.535862 0.694672 0.045125 0.047350
0 0.458377 0.663979 0.067095 0.055352
0 0.315283 0.626762 0.044531 0.036064
0 0.239580 0.568936 0.036812 0.048503
0 0.171891 0.495095 0.048689 0.043147
0 0.653129 0.380325 0.038595 0.044069
0 0.329384 0.481967 0.038891 0.032625
