0 0.053437 0.392398 0.048094 0.045675
0 0.218502 0.312616 0.074219 0.060505
0 0.377330 0.230716 0.054627 0.067538
0 0.520425 0.122327 0.057000 0.065492
0 0.550113 0.042557 0.045127 0.047127
0 0.606371 0.051619 0.037108 0.033219
0 0.623887 0.074159 0.040078 0.028472
0 0.773513 0.024623 0.111328 0.049247
0 0.680591 0.286516 0.064422 0.051012
0 0.868216 0.268128 0.072734 0.059319
0 0.800380 0.516372 0.067095 0.057537
0 0.902209 0.812663 0.089064 0.079484
0 0.421566 0.650933 0.073031 0.075513
0 0.504097 0.748303 0.069469 0.065841
0 0.686231 0.077422 0.057891 0.051606
0 0.572972 0.687992 0.052844 0.049622
0 0.609785 0.796388 0.055217 0.044413
0 0.623293 0.774699 0.056705 0.043895
0 0.898645 0.935449 0.057000 0.055758
0 0.675395 0.714682 0.053438 0.049614
0 0.522800 0.649591 0.046312 0.042811
0 0.423049 0.830928 0.053439 0.055513
0 0.377330 0.811180 0.072439 0.055166
0 0.465058 0.861896 0.043047 0.046267
