0 0.892459 0.501543 0.030292 0.080023
0 0.638806 0.474213 0.064169 0.052755
0 0.644930 0.558159 0.020825 0.080797
0 0.622345 0.556310 0.022230 0.075300
0 0.565062 0.634377 0.035207 0.043693
0 0.422088 0.638718 0.043095 0.089158
0 0.385654 0.718890 0.067403 0.089378
0 0.291080 0.847584 0.054719 0.084583
0 0.365824 0.943704 0.046781 0.063546
0 0.562668 0.832372 0.041260 0.060479
0 0.188550 0.717252 0.073348 0.071058
0 0.139474 0.780633 0.025487 0.077848
0 0.114546 0.775884 0.018914 0.075424
0 0.092147 0.769179 0.017337 0.065919
0 0.129280 0.565389 0.050884 0.048067
0 0.148796 0.127523 0.035093 0.044837
0 0.024971 0.679391 0.049942 0.043814
0 0.571918 0.689912 0.032952 0.038416
