0 0.632104 0.925163 0.058721 0.045961
0 0.101137 0.531616 0.074425 0.052361
0 0.068801 0.435668 0.060941 0.040813
0 0.925501 0.575164 0.048709 0.045189
0 0.862517 0.626907 0.032766 0.040916
0 0.102505 0.494164 0.039606 0.032958
0 0.351898 0.609963 0.038577 0.026290
0 0.348361 0.587904 0.037206 0.024653
0 0.342513 0.566418 0.019899 0.018039
0 0.226301 0.294434 0.053240 0.023024
0 0.198160 0.235413 0.059551 0.026545
0 0.018132 0.266407 0.036264 0.037590
0 0.014044 0.350074 0.016800 0.018991
0 0.040893 0.362624 0.020465 0.014480
0 0.008216 0.305816 0.016432 0.020568
0 0.808904 0.918168 0.019953 0.020624
0 0.824655 0.931684 0.022174 0.021238
0 0.835789 0.901196 0.021541 0.022986
0 0.862903 0.889969 0.022128 0.023866
0 0.818084 0.878876 0.029636 0.021268
