0 0.450066 0.782746 0.067094 0.052714
0 0.295689 0.747413 0.071844 0.046267
0 0.309494 0.301048 0.063234 0.055166
0 0.799044 0.503025 0.148141 0.132872
0 0.047055 0.837576 0.037109 0.034405
0 0.248189 0.980745 0.051656 0.036019
0 0.325673 0.541059 0.060563 0.046125
0 0.111626 0.375584 0.036220 0.017609
0 0.118454 0.400998 0.042752 0.015422
0 0.198908 0.127248 0.054031 0.076519
0 0.121126 0.156288 0.023158 0.025558
0 0.140423 0.194247 0.022564 0.030313
0 0.108063 0.112716 0.020781 0.018981
0 0.071994 0.093568 0.040672 0.019314
