0 0.666815 0.087179 0.085639 0.047879
0 0.746099 0.129233 0.063030 0.038115
0 0.597368 0.035393 0.064679 0.063003
0 0.514459 0.028339 0.048685 0.043476
0 0.469416 0.041636 0.045166 0.039523
0 0.532001 0.286404 0.085662 0.044571
0 0.293261 0.288130 0.052522 0.073288
0 0.084103 0.401337 0.074932 0.053049
0 0.787942 0.362045 0.064113 0.045098
0 0.847155 0.198095 0.051040 0.044919
0 0.757083 0.270311 0.048610 0.024002
0 0.639716 0.260754 0.066922 0.083064
0 0.854011 0.598533 0.098799 0.040702
0 0.689091 0.617650 0.065859 0.077764
0 0.521045 0.917520 0.036431 0.040237
0 0.090753 0.958324 0.056001 0.052554
0 0.024929 0.955650 0.049857 0.042670
0 0.172915 0.843795 0.043435 0.036415
0 0.194470 0.677861 0.074443 0.035933
0 0.026792 0.639069 0.053584 0.038470
0 0.571400 0.968852 0.155468 0.062296
0 0.953757 0.718959 0.060698 0.044450
0 0.264454 0.050113 0.079693 0.017907
