0 0.671478 0.478438 0.059823 0.060915
0 0.833318 0.126689 0.044360 0.073296
0 0.647133 0.058657 0.066644 0.070308
0 0.812490 0.014414 0.035571 0.028828
0 0.539925 0.949421 0.065035 0.062253
0 0.638456 0.848256 0.056739 0.060571
0 0.595001 0.761993 0.047342 0.050746
0 0.420198 0.647605 0.050962 0.066281
0 0.498546 0.782257 0.064583 0.071685
0 0.222401 0.967162 0.065563 0.065677
0 0.285264 0.464369 0.013458 0.033122
0 0.266627 0.575928 0.040287 0.034736
0 0.280143 0.520871 0.041641 0.073419
0 0.290016 0.255124 0.083231 0.070446
0 0.104133 0.147033 0.046180 0.064178
0 0.048042 0.579531 0.042117 0.031050
0 0.013738 0.379060 0.027476 0.051385
0 0.275097 0.651909 0.041908 0.038045
0 0.526189 0.493713 0.045173 0.053864
