0 0.346442 0.965340 0.050324 0.051482
0 0.843241 0.683249 0.043415 0.040117
0 0.811247 0.612827 0.061745 0.091515
0 0.130157 0.490629 0.048713 0.098738
0 0.423850 0.335869 0.042614 0.050603
0 0.525963 0.299345 0.047707 0.054536
0 0.350277 0.174851 0.064433 0.065902
0 0.416148 0.050610 0.049382 0.050096
0 0.634906 0.064726 0.068142 0.061447
0 0.268376 0.934554 0.047778 0.052132
0 0.267879 0.844299 0.037885 0.060940
0 0.037194 0.162054 0.053519 0.072814
0 0.824701 0.423692 0.051051 0.049509
0 0.478477 0.725706 0.056573 0.070640
0 0.501716 0.707289 0.039633 0.037138
