0 0.193603 0.170147 0.144982 0.130820
0 0.860733 0.760085 0.132486 0.100275
0 0.861202 0.910598 0.076002 0.071972
0 0.615862 0.936630 0.076904 0.059003
0 0.756384 0.859240 0.071531 0.067659
0 0.869324 0.671844 0.083434 0.073061
0 0.112363 0.856397 0.119940 0.110222
0 0.075370 0.751243 0.077681 0.069134
0 0.295597 0.659394 0.086603 0.063319
0 0.342556 0.741139 0.074986 0.046683
0 0.710572 0.636538 0.039210 0.029174
0 0.838235 0.602427 0.072473 0.041439
0 0.696581 0.609272 0.039210 0.026529
0 0.688883 0.586201 0.038933 0.026091
0 0.687653 0.563508 0.022286 0.018091
0 0.328309 0.029252 0.049223 0.019083
0 0.516716 0.019582 0.036850 0.039165
