0 0.835203 0.228776 0.035561 0.058870
0 0.960132 0.468893 0.065826 0.047791
0 0.720797 0.380508 0.071044 0.036154
0 0.085518 0.006124 0.080133 0.012248
0 0.466731 0.437329 0.075273 0.041359
0 0.484847 0.872657 0.051595 0.058687
0 0.912554 0.819188 0.100779 0.055707
0 0.709969 0.597536 0.058078 0.063934
0 0.432571 0.606999 0.070366 0.084950
0 0.280634 0.503191 0.064944 0.087411
0 0.192385 0.908694 0.042303 0.060733
0 0.102460 0.963720 0.088011 0.036784
0 0.236747 0.975326 0.044179 0.025245
0 0.287997 0.087818 0.041614 0.066097
0 0.136822 0.246585 0.049553 0.050666
0 0.976141 0.402995 0.047719 0.040506
