0 0.788812 0.240736 0.072890 0.060878
0 0.473538 0.012110 0.048613 0.024220
0 0.577053 0.235239 0.065955 0.058602
0 0.322577 0.029658 0.058272 0.059315
0 0.184771 0.071101 0.054613 0.049330
0 0.080981 0.293441 0.052518 0.068451
0 0.100430 0.392952 0.039708 0.045843
0 0.057591 0.555856 0.054614 0.044865
0 0.243936 0.652352 0.078023 0.057276
0 0.201199 0.567499 0.067181 0.052351
0 0.660341 0.707623 0.072279 0.062085
0 0.073584 0.444944 0.049854 0.042072
0 0.183439 0.403870 0.073959 0.040179
0 0.219983 0.413855 0.041724 0.042629
