0 0.835843 0.291746 0.060173 0.058313
0 0.834065 0.350007 0.047921 0.071920
0 0.982651 0.305186 0.034699 0.072638
0 0.928940 0.228869 0.045493 0.065707
0 0.632772 0.185396 0.089204 0.107630
0 0.531122 0.536722 0.053774 0.080655
0 0.201575 0.066352 0.053318 0.120524
0 0.066487 0.281916 0.050349 0.112718
0 0.183787 0.550470 0.066711 0.073027
0 0.584541 0.792155 0.083085 0.063338
0 0.498138 0.661101 0.070013 0.049657
0 0.582759 0.635850 0.087460 0.068424
0 0.603358 0.506884 0.079712 0.068497
0 0.564520 0.380121 0.084608 0.075953
0 0.436905 0.029644 0.113002 0.059287
0 0.124114 0.630938 0.060951 0.046952
0 0.131556 0.556724 0.045892 0.076974
0 0.329822 0.723889 0.065756 0.048563
0 0.538731 0.142224 0.052966 0.060827
