0 0.217683 0.499117 0.083566 0.065636
0 0.295453 0.391135 0.073975 0.105418
0 0.383806 0.535875 0.046747 0.052241
0 0.594398 0.361865 0.047249 0.047211
0 0.549813 0.794798 0.091338 0.098405
0 0.533312 0.972544 0.070183 0.054913
0 0.714975 0.821233 0.090727 0.076278
0 0.921602 0.720561 0.049581 0.063568
0 0.844562 0.347383 0.065989 0.076850
0 0.743904 0.265504 0.024524 0.038873
0 0.709945 0.245204 0.040931 0.033635
0 0.248045 0.923789 0.044531 0.053793
0 0.230627 0.691176 0.063475 0.053384
0 0.379400 0.180859 0.050859 0.054054
0 0.360409 0.216011 0.041833 0.039124
0 0.203749 0.363721 0.036195 0.055370
0 0.696825 0.143797 0.084772 0.086923
