0 0.617295 0.088470 0.046081 0.042155
0 0.775208 0.256205 0.048706 0.049875
0 0.742846 0.324338 0.049233 0.070953
0 0.982061 0.233048 0.035878 0.060563
0 0.981172 0.654020 0.037656 0.055812
0 0.756489 0.921655 0.044488 0.044234
0 0.711598 0.816708 0.042497 0.039187
0 0.493339 0.856490 0.048488 0.064127
0 0.335037 0.835709 0.071181 0.072439
0 0.116278 0.970668 0.071425 0.056170
0 0.305328 0.535862 0.047350 0.045125
0 0.336021 0.458377 0.055352 0.067095
0 0.373238 0.315283 0.036064 0.044531
0 0.431064 0.239580 0.048503 0.036812
0 0.504905 0.171891 0.043147 0.048689
0 0.619675 0.653129 0.044069 0.038595
0 0.518033 0.329384 0.032625 0.038891
