0 0.491331 0.327065 0.061750 0.063939
0 0.809583 0.107214 0.077187 0.055828
0 0.908444 0.279153 0.073031 0.068300
0 0.929967 0.108105 0.046609 0.033855
0 0.050469 0.539064 0.056406 0.063997
0 0.133297 0.424068 0.060563 0.061173
0 0.225330 0.452280 0.053438 0.048700
0 0.368722 0.604024 0.067094 0.057611
0 0.222212 0.550275 0.070359 0.070081
0 0.091734 0.853765 0.068875 0.054639
0 0.573269 0.705287 0.032062 0.019005
0 0.464464 0.743297 0.038297 0.045137
0 0.517159 0.720432 0.077781 0.052858
0 0.777520 0.664603 0.077188 0.088494
0 0.915717 0.829117 0.067984 0.052859
0 0.500238 0.958888 0.036813 0.046327
0 0.703450 0.962748 0.049578 0.045731
0 0.389799 0.747752 0.041564 0.044544
0 0.502316 0.473444 0.055219 0.046759
