0 0.405786 0.018582 0.037998 0.037164
0 0.544565 0.808401 0.115330 0.109782
0 0.941231 0.703641 0.047829 0.064788
0 0.856969 0.986827 0.057874 0.026346
0 0.822060 0.919768 0.050772 0.057608
0 0.912438 0.901630 0.036604 0.035926
0 0.889526 0.888844 0.038229 0.039438
0 0.858492 0.876096 0.047408 0.055494
0 0.025976 0.627257 0.045403 0.110687
0 0.438972 0.676095 0.056479 0.046202
0 0.489839 0.081716 0.021764 0.060934
0 0.521516 0.084377 0.022028 0.059461
0 0.093219 0.020481 0.021862 0.040961
0 0.598115 0.730827 0.132965 0.126233
0 0.456781 0.858367 0.113683 0.112325
0 0.399902 0.784006 0.077305 0.111453
