0 0.096011 0.120251 0.073719 0.073202
0 0.538316 0.058144 0.060638 0.060503
0 0.130045 0.279991 0.067475 0.064062
0 0.081743 0.362539 0.051127 0.052006
0 0.028090 0.794896 0.056180 0.079542
0 0.128856 0.992609 0.049047 0.012292
0 0.254593 0.964137 0.070448 0.069236
0 0.819512 0.970365 0.046370 0.056780
0 0.864991 0.973627 0.041019 0.050255
0 0.532965 0.883844 0.046370 0.047453
0 0.603263 0.874946 0.036561 0.039148
0 0.596873 0.219604 0.061233 0.065017
0 0.436657 0.054881 0.043992 0.042116
0 0.829618 0.379348 0.045180 0.046861
0 0.903782 0.372527 0.056180 0.051014
0 0.959961 0.674156 0.040128 0.034997
