0 0.318676 0.079751 0.119138 0.071291
0 0.248248 0.154300 0.044612 0.056377
0 0.283797 0.204697 0.093976 0.051301
0 0.029068 0.510666 0.058136 0.054435
0 0.175495 0.484749 0.046415 0.032869
0 0.278961 0.486133 0.046334 0.070351
0 0.401666 0.544585 0.108079 0.113721
0 0.149319 0.882384 0.095618 0.092592
0 0.619109 0.509950 0.146072 0.093947
0 0.775607 0.546408 0.062016 0.040702
0 0.765175 0.593327 0.071289 0.038130
0 0.936839 0.654710 0.072562 0.106741
0 0.936338 0.475339 0.068055 0.063872
0 0.836374 0.344370 0.060679 0.058776
0 0.772209 0.411579 0.084363 0.042761
0 0.490052 0.400091 0.031667 0.051891
0 0.466370 0.572270 0.035532 0.043691
0 0.466700 0.526114 0.035581 0.042453
0 0.464643 0.446188 0.061374 0.032401
0 0.461686 0.421155 0.053350 0.024040
0 0.477528 0.484683 0.030787 0.036845
0 0.437187 0.474251 0.060300 0.030340
