0 0.900913 0.541426 0.073854 0.077547
0 0.962744 0.589062 0.062692 0.066816
0 0.641474 0.834531 0.071725 0.069867
0 0.616388 0.664101 0.113710 0.117332
0 0.579866 0.713403 0.062969 0.062438
0 0.680628 0.784917 0.047166 0.057356
0 0.464852 0.482705 0.048444 0.064282
0 0.379968 0.438384 0.051346 0.069963
0 0.567915 0.151602 0.043679 0.041187
0 0.242428 0.166843 0.051158 0.048964
0 0.959383 0.751346 0.056657 0.070767
0 0.862269 0.705742 0.056302 0.064757
0 0.441202 0.247848 0.021152 0.027899
0 0.463146 0.253569 0.017804 0.025558
0 0.484952 0.262676 0.023376 0.029616
0 0.504234 0.269365 0.019599 0.027961
