0 0.652056 0.448920 0.038480 0.082016
0 0.611203 0.618548 0.039927 0.079302
0 0.567198 0.609504 0.046919 0.110804
0 0.518474 0.635364 0.049925 0.115864
0 0.612615 0.435735 0.048853 0.136037
0 0.572135 0.431641 0.039413 0.063728
0 0.506953 0.450111 0.043247 0.079429
0 0.473304 0.425902 0.041783 0.065301
0 0.414541 0.611327 0.055318 0.114689
0 0.370658 0.612068 0.076519 0.207931
0 0.337906 0.768436 0.042171 0.064423
0 0.298260 0.782720 0.041717 0.058113
0 0.362951 0.415744 0.034370 0.043062
0 0.326709 0.395153 0.034553 0.083639
0 0.337606 0.595242 0.083879 0.241354
0 0.316093 0.514948 0.051227 0.098344
0 0.262169 0.390294 0.036409 0.044108
0 0.245302 0.516642 0.036439 0.042353
0 0.225385 0.645401 0.041378 0.058852
0 0.207664 0.755047 0.040902 0.066849
0 0.211334 0.496045 0.038950 0.081088
0 0.223237 0.402147 0.036591 0.076874
0 0.184010 0.667822 0.031651 0.027562
