0 0.603048 0.031386 0.083889 0.062773
0 0.227212 0.786954 0.053139 0.043384
0 0.290737 0.731040 0.042034 0.071503
0 0.786768 0.831508 0.040413 0.072735
0 0.957753 0.839560 0.039285 0.117357
0 0.781152 0.268954 0.033947 0.042423
0 0.265214 0.199524 0.063993 0.066653
0 0.176325 0.836994 0.044639 0.048800
0 0.192345 0.599766 0.024431 0.074663
0 0.089694 0.661912 0.023293 0.046216
0 0.841492 0.846370 0.045498 0.056590
0 0.503164 0.362299 0.092473 0.038840
0 0.638111 0.345550 0.055526 0.078264
0 0.611487 0.146580 0.044622 0.050884
0 0.680887 0.008472 0.041660 0.016943
