0 0.124538 0.607177 0.038627 0.075017
0 0.373838 0.562744 0.071133 0.055394
0 0.345539 0.484043 0.030413 0.083407
0 0.367531 0.478521 0.026908 0.074757
0 0.399623 0.389113 0.030275 0.037018
0 0.535750 0.343984 0.048248 0.088158
0 0.553053 0.260576 0.077636 0.084079
0 0.607355 0.106472 0.065223 0.085597
0 0.507152 0.033438 0.047214 0.060105
0 0.346861 0.199086 0.046127 0.066891
0 0.740479 0.201340 0.085222 0.069909
0 0.771266 0.131651 0.029071 0.077049
0 0.794169 0.128590 0.028077 0.075039
0 0.818017 0.127548 0.028077 0.065583
0 0.838950 0.334179 0.054260 0.045327
0 0.940056 0.764215 0.045669 0.045314
0 0.986258 0.899620 0.027485 0.045874
0 0.908805 0.198794 0.063332 0.042843
0 0.378980 0.337327 0.026130 0.039521
