0 0.083495 0.117239 0.080547 0.067825
0 0.225318 0.183712 0.069866 0.059523
0 0.244904 0.118778 0.054860 0.047463
0 0.063355 0.533343 0.046403 0.063109
0 0.255908 0.896437 0.048905 0.054969
0 0.318375 0.928840 0.045573 0.040249
0 0.339107 0.758686 0.057820 0.068402
0 0.496287 0.693255 0.065844 0.054864
0 0.432459 0.072527 0.058136 0.068247
0 0.422905 0.216825 0.056948 0.067403
0 0.491144 0.114537 0.056421 0.067498
0 0.612899 0.124881 0.042132 0.047439
0 0.694346 0.216853 0.059569 0.049282
0 0.923098 0.070771 0.062110 0.046314
0 0.909078 0.855772 0.058579 0.060441
0 0.752016 0.745473 0.047345 0.044902
0 0.639731 0.912756 0.046185 0.051238
0 0.586451 0.875730 0.046172 0.043916
0 0.136971 0.145721 0.027820 0.039019
0 0.979193 0.543852 0.040607 0.051865
0 0.850258 0.147682 0.055414 0.053529
0 0.842500 0.124179 0.050740 0.050520
