0 0.855862 0.252850 0.109664 0.129034
0 0.884891 0.691512 0.066801 0.056128
0 0.768358 0.517831 0.079984 0.082265
0 0.520537 0.462328 0.054440 0.080443
0 0.484451 0.111558 0.049683 0.080225
0 0.410842 0.031587 0.041560 0.048069
0 0.190946 0.530343 0.037731 0.122000
0 0.095474 0.226920 0.059442 0.101315
0 0.299800 0.366335 0.036694 0.045886
0 0.438749 0.699868 0.110851 0.107840
0 0.831556 0.843317 0.067576 0.053560
0 0.927619 0.743953 0.040327 0.044056
0 0.007982 0.899801 0.015964 0.052950
0 0.399983 0.323526 0.043022 0.040905
0 0.214405 0.922050 0.034268 0.026359
0 0.548707 0.552777 0.039962 0.063027
0 0.743766 0.203935 0.057148 0.040851
