0 0.040989 0.385854 0.049362 0.049106
0 0.191925 0.704715 0.067890 0.076204
0 0.256846 0.642125 0.051843 0.057517
0 0.393407 0.561255 0.044862 0.048459
0 0.026704 0.495526 0.037127 0.043528
0 0.827714 0.399389 0.039651 0.044939
0 0.766107 0.394422 0.041393 0.048334
0 0.793696 0.704451 0.036070 0.045470
0 0.574676 0.839539 0.043802 0.034775
0 0.490361 0.837126 0.036128 0.041172
0 0.831879 0.099452 0.040044 0.059987
0 0.871500 0.061807 0.028752 0.038998
0 0.331483 0.916369 0.044752 0.040128
0 0.504772 0.927913 0.045908 0.047802
