0 0.103475 0.297966 0.041340 0.082570
0 0.154729 0.223364 0.038190 0.062752
0 0.045813 0.362541 0.059121 0.059787
0 0.031612 0.444015 0.039944 0.046361
0 0.041045 0.491246 0.037437 0.044770
0 0.292593 0.449937 0.042938 0.082644
0 0.270803 0.687534 0.069809 0.046989
0 0.364199 0.905907 0.055258 0.077789
0 0.388367 0.200916 0.041267 0.061358
0 0.229307 0.128248 0.041168 0.048460
0 0.291798 0.223706 0.024563 0.046673
0 0.273786 0.339959 0.079705 0.060204
0 0.628077 0.155842 0.037473 0.095898
0 0.632208 0.321754 0.076029 0.059459
0 0.917501 0.516399 0.037657 0.035348
0 0.920963 0.947626 0.051417 0.054686
0 0.813794 0.855707 0.033836 0.041947
0 0.650004 0.820664 0.033195 0.075700
0 0.596832 0.978631 0.034409 0.042738
0 0.972260 0.470364 0.055481 0.149769
0 0.757711 0.067022 0.039926 0.057747
0 0.031425 0.695450 0.021543 0.078113
