0 0.303569 0.197559 0.061860 0.078631
0 0.234433 0.308341 0.080357 0.075588
0 0.089520 0.413917 0.070346 0.068633
0 0.529132 0.311702 0.085366 0.063030
0 0.646893 0.311221 0.056264 0.065038
0 0.770989 0.346424 0.041262 0.044467
0 0.805324 0.379620 0.049085 0.078016
0 0.563579 0.868821 0.061262 0.074271
0 0.635956 0.876356 0.049462 0.057206
0 0.730297 0.704320 0.025051 0.041510
0 0.755881 0.708233 0.026984 0.040627
0 0.776516 0.716861 0.024876 0.042605
0 0.623954 0.977100 0.032413 0.045799
0 0.258970 0.747199 0.029840 0.038762
0 0.277634 0.752877 0.024124 0.044101
0 0.297258 0.760381 0.026560 0.042810
0 0.318279 0.770922 0.027396 0.040281
0 0.806913 0.984848 0.046247 0.030303
0 0.718936 0.853331 0.053440 0.051372
0 0.913221 0.442283 0.037935 0.030289
