0 0.804795 0.900694 0.059499 0.072480
0 0.662981 0.974528 0.060956 0.050944
0 0.651378 0.760415 0.067613 0.055580
0 0.625205 0.723901 0.044944 0.020632
0 0.623595 0.694950 0.028188 0.015817
0 0.608077 0.672112 0.073811 0.048934
0 0.931928 0.549547 0.071486 0.062147
0 0.942516 0.357292 0.058077 0.072312
0 0.964491 0.260198 0.070241 0.071247
0 0.678581 0.520475 0.050308 0.057573
0 0.784158 0.720416 0.058540 0.071271
0 0.445997 0.889438 0.035115 0.041097
0 0.354341 0.777250 0.058855 0.045212
0 0.724663 0.437567 0.038835 0.028107
0 0.711683 0.412842 0.037493 0.031472
0 0.758261 0.643418 0.036342 0.021042
0 0.423753 0.349917 0.058245 0.050135
0 0.455646 0.323952 0.039354 0.034113
0 0.162896 0.598963 0.040526 0.056509
0 0.747909 0.620355 0.019816 0.015297
0 0.429707 0.544623 0.034531 0.048085
0 0.800305 0.236409 0.036768 0.015797
0 0.787907 0.215257 0.016833 0.012889
0 0.716105 0.272127 0.019137 0.014658
0 0.712963 0.249995 0.021179 0.016836
0 0.737816 0.278063 0.022618 0.016611
0 0.880055 0.387950 0.053098 0.040375
