0 0.900694 0.804795 0.072480 0.059499
0 0.974528 0.662981 0.050944 0.060956
0 0.760415 0.651378 0.055580 0.067613
0 0.723901 0.625205 0.020632 0.044944
0 0.694950 0.623595 0.015817 0.028188
0 0.672112 0.608077 0.048934 0.073811
0 0.549547 0.931928 0.062147 0.071486
0 0.357292 0.942516 0.072312 0.058077
0 0.260198 0.964491 0.071247 0.070241
0 0.520475 0.678581 0.057573 0.050308
0 0.720416 0.784158 0.071271 0.058540
0 0.889438 0.445997 0.041097 0.035115
0 0.777250 0.354341 0.045212 0.058855
0 0.437567 0.724663 0.028107 0.038835
0 0.412842 0.711683 0.031472 0.037493
0 0.643418 0.758261 0.021042 0.036342
0 0.349917 0.423753 0.050135 0.058245
0 0.323952 0.455646 0.034113 0.039354
0 0.598963 0.162896 0.056509 0.040526
0 0.620355 0.747909 0.015297 0.019816
0 0.544623 0.429707 0.048085 0.034531
0 0.236409 0.800305 0.015797 0.036768
0 0.215257 0.787907 0.012889 0.016833
0 0.272127 0.716105 0.014658 0.019137
0 0.249995 0.712963 0.016836 0.021179
0 0.278063 0.737816 0.016611 0.022618
0 0.387950 0.880055 0.040375 0.053098
