0 0.187805 0.270707 0.084177 0.071313
0 0.454821 0.405303 0.067458 0.070251
0 0.589159 0.320228 0.071727 0.054799
0 0.562151 0.290213 0.054291 0.042286
0 0.539482 0.270616 0.024295 0.018870
0 0.733325 0.789854 0.065526 0.049210
0 0.696212 0.858452 0.059207 0.036873
0 0.908772 0.838999 0.043671 0.045220
0 0.928171 0.772505 0.046537 0.053906
0 0.873191 0.644949 0.056900 0.035471
0 0.291711 0.153241 0.057950 0.047100
0 0.400927 0.042394 0.050538 0.036819
0 0.577230 0.017198 0.069257 0.034396
0 0.751607 0.257555 0.066601 0.063464
0 0.772575 0.486338 0.083041 0.049275
0 0.397150 0.282012 0.067529 0.067284
0 0.939055 0.221081 0.050553 0.028734
