0 0.978492 0.197621 0.041369 0.039570
0 0.983363 0.315550 0.033274 0.035995
0 0.992910 0.387733 0.014179 0.059817
0 0.795719 0.557934 0.115992 0.113154
0 0.614448 0.836139 0.081533 0.115777
0 0.011501 0.730088 0.023002 0.061314
0 0.038641 0.600844 0.077282 0.129395
0 0.703513 0.359734 0.043831 0.049233
0 0.641545 0.350471 0.060144 0.053814
0 0.753427 0.228602 0.065388 0.065375
0 0.819702 0.142522 0.037202 0.037816
0 0.699424 0.070432 0.041209 0.050397
0 0.663956 0.061489 0.036261 0.041527
0 0.642625 0.181166 0.064729 0.054973
0 0.081568 0.033060 0.109067 0.066120
0 0.377773 0.117098 0.068083 0.064210
0 0.478671 0.282717 0.046382 0.046978
0 0.730646 0.105451 0.073699 0.082958
0 0.699458 0.579869 0.060321 0.063936
