0 0.413525 0.978655 0.051012 0.042691
0 0.865181 0.634262 0.044221 0.043097
0 0.824119 0.569089 0.070265 0.097863
0 0.132766 0.541727 0.059855 0.098407
0 0.401379 0.347756 0.044978 0.051863
0 0.497698 0.297487 0.048826 0.055151
0 0.306082 0.199121 0.065653 0.063430
0 0.354903 0.066679 0.047576 0.050015
0 0.572929 0.049989 0.068141 0.065608
0 0.331285 0.962860 0.049089 0.053751
0 0.318441 0.873273 0.042453 0.063759
0 0.011930 0.231594 0.023861 0.060385
0 0.810465 0.378739 0.053657 0.051558
0 0.510393 0.726424 0.062754 0.065966
0 0.530726 0.705332 0.041469 0.035927
