0 0.326451 0.213168 0.114977 0.029832
0 0.241720 0.126787 0.047844 0.045179
0 0.340529 0.262720 0.134449 0.082442
0 0.352411 0.293236 0.076744 0.036470
0 0.969274 0.431086 0.061453 0.042923
0 0.968009 0.477611 0.063981 0.042546
0 0.968104 0.521936 0.060683 0.045762
0 0.876095 0.727888 0.051626 0.048795
0 0.959577 0.661570 0.036516 0.034328
0 0.951353 0.689118 0.036036 0.025600
0 0.953965 0.712417 0.024347 0.020142
0 0.935305 0.706187 0.023097 0.026849
0 0.816259 0.668197 0.062319 0.092867
0 0.675255 0.590484 0.104145 0.093444
0 0.361535 0.824429 0.082217 0.041560
