0 0.311127 0.839214 0.056406 0.054047
0 0.278173 0.693750 0.051063 0.047009
0 0.676731 0.944931 0.053141 0.035041
0 0.608894 0.811031 0.093812 0.065387
0 0.683113 0.764564 0.060564 0.060350
0 0.519238 0.684693 0.058187 0.066905
0 0.651348 0.540391 0.043344 0.056255
0 0.962949 0.034883 0.071608 0.069766
0 0.894787 0.024505 0.106283 0.049011
0 0.631160 0.120578 0.064720 0.064737
0 0.412956 0.258470 0.072437 0.066130
0 0.522503 0.524738 0.039781 0.033259
0 0.935044 0.114342 0.127419 0.099778
0 0.121720 0.786681 0.113408 0.114087
