0 0.119719 0.927318 0.077597 0.057146
0 0.433835 0.912065 0.083207 0.060859
0 0.673944 0.889997 0.082865 0.063048
0 0.704037 0.747658 0.053085 0.039598
0 0.772704 0.601331 0.043347 0.035849
0 0.430319 0.809858 0.040942 0.029126
0 0.025310 0.849477 0.050620 0.020205
0 0.025149 0.822392 0.050297 0.026051
0 0.129194 0.451350 0.047618 0.038818
0 0.104114 0.619164 0.068281 0.072116
0 0.041911 0.611830 0.062854 0.061880
0 0.245583 0.736522 0.059387 0.040372
0 0.837882 0.905338 0.038786 0.021661
0 0.929992 0.835318 0.023994 0.018111
0 0.936574 0.812720 0.022653 0.019761
0 0.942734 0.787919 0.020301 0.020530
