0 0.324297 0.684360 0.050452 0.076419
0 0.141064 0.710297 0.060932 0.059482
0 0.043600 0.746500 0.048453 0.058380
0 0.103517 0.146013 0.045217 0.055053
0 0.080509 0.162731 0.044359 0.054152
0 0.061756 0.068532 0.066755 0.064140
0 0.120443 0.051017 0.051693 0.038634
0 0.926477 0.076069 0.083998 0.083564
0 0.951996 0.310480 0.043476 0.067942
0 0.899383 0.150601 0.037003 0.039998
0 0.840257 0.141287 0.042910 0.041302
0 0.790236 0.776946 0.016038 0.034959
0 0.767847 0.766643 0.017076 0.068029
0 0.748583 0.764414 0.018486 0.085973
0 0.728967 0.766695 0.020774 0.079799
0 0.708839 0.768880 0.018841 0.072472
0 0.822308 0.922930 0.056227 0.056968
