0 0.917553 0.244363 0.049523 0.047131
0 0.754848 0.793340 0.033639 0.040802
0 0.680168 0.773147 0.080094 0.071265
0 0.408425 0.142603 0.095189 0.031423
0 0.323445 0.463321 0.046474 0.037031
0 0.310647 0.570574 0.051288 0.043926
0 0.149070 0.427904 0.067171 0.059796
0 0.043225 0.518610 0.048156 0.050259
0 0.106548 0.729503 0.052181 0.065326
0 0.870830 0.176272 0.047359 0.043684
0 0.783226 0.196239 0.053863 0.037598
0 0.066476 0.125551 0.068066 0.042480
0 0.499508 0.834282 0.044148 0.044727
0 0.715211 0.427781 0.075273 0.044243
0 0.701880 0.454756 0.037559 0.035028
