0 0.352152 0.778797 0.115971 0.099020
0 0.333809 0.672301 0.086732 0.070955
0 0.567556 0.581433 0.098263 0.051164
0 0.610793 0.716467 0.101809 0.055367
0 0.787602 0.799013 0.078659 0.099621
0 0.770731 0.704108 0.075739 0.063070
0 0.583265 0.903340 0.030327 0.041198
0 0.306819 0.978618 0.070576 0.042763
0 0.228894 0.921048 0.069573 0.074890
0 0.352702 0.915961 0.050237 0.046543
0 0.244199 0.406760 0.084286 0.062896
0 0.534932 0.499651 0.077505 0.073426
0 0.857513 0.524265 0.070391 0.049577
0 0.844762 0.393558 0.079403 0.043688
0 0.492773 0.094076 0.053966 0.047101
0 0.468413 0.015298 0.053697 0.030597
0 0.006854 0.382901 0.013709 0.058889
0 0.603101 0.345464 0.067168 0.027255
0 0.599812 0.321872 0.063229 0.026383
0 0.344817 0.384224 0.085332 0.042493
0 0.541946 0.336908 0.052066 0.051075
0 0.451686 0.360183 0.069113 0.025746
0 0.383342 0.504828 0.048118 0.071911
0 0.038075 0.697326 0.027581 0.038233
0 0.979695 0.430982 0.038163 0.059834
