0 0.990432 0.591819 0.019136 0.050068
0 0.027341 0.394997 0.054682 0.049091
0 0.236539 0.613630 0.041476 0.045767
0 0.256445 0.532635 0.042318 0.036196
0 0.226066 0.673342 0.046170 0.042759
0 0.757498 0.797035 0.076426 0.039653
0 0.878994 0.026635 0.065039 0.053270
0 0.805588 0.065025 0.071449 0.061834
0 0.984539 0.479046 0.030923 0.022551
0 0.983580 0.509785 0.032840 0.019118
0 0.984215 0.539514 0.031569 0.020401
0 0.724031 0.514368 0.062397 0.066753
0 0.761672 0.034323 0.064286 0.055511
0 0.467023 0.439716 0.036763 0.040391
0 0.349938 0.470121 0.129155 0.113960
0 0.373235 0.650243 0.051329 0.047258
0 0.961865 0.366830 0.034444 0.046937
