0 0.267031 0.737892 0.113890 0.035651
0 0.165763 0.804942 0.046467 0.046259
0 0.291197 0.695474 0.120473 0.106509
0 0.310503 0.667952 0.074840 0.052174
0 0.948972 0.674895 0.078437 0.033271
0 0.957406 0.629688 0.076820 0.032589
0 0.959338 0.583493 0.058873 0.033456
0 0.918114 0.363164 0.045014 0.041276
0 0.983739 0.446032 0.032521 0.027986
0 0.982809 0.417619 0.034382 0.018545
0 0.989856 0.394921 0.020288 0.017678
0 0.969310 0.396419 0.021928 0.023132
0 0.846154 0.407082 0.046091 0.086116
0 0.692251 0.451590 0.094043 0.074329
0 0.439157 0.153004 0.081883 0.023776
