0 0.097114 0.485327 0.071894 0.076118
0 0.029597 0.523628 0.059194 0.067149
0 0.313678 0.811941 0.071675 0.066803
0 0.361810 0.646556 0.115335 0.112499
0 0.391272 0.700242 0.063436 0.058649
0 0.281487 0.757198 0.045520 0.056059
0 0.537056 0.487592 0.043940 0.061894
0 0.626947 0.455613 0.046669 0.068222
0 0.480977 0.145309 0.040386 0.037202
0 0.801657 0.205980 0.050248 0.047935
0 0.018267 0.684027 0.036533 0.072410
0 0.112061 0.653000 0.052938 0.064262
0 0.593272 0.258184 0.018742 0.027748
0 0.570678 0.261288 0.015733 0.025331
0 0.547849 0.267438 0.020630 0.029626
0 0.527911 0.271299 0.017442 0.027645
