0 0.133242 0.815023 0.114313 0.060939
0 0.023812 0.110309 0.047624 0.049116
0 0.382042 0.141810 0.136685 0.063895
0 0.360809 0.249292 0.060698 0.049522
0 0.416972 0.441596 0.088561 0.053300
0 0.386482 0.693536 0.094834 0.055901
0 0.508961 0.692222 0.084711 0.058233
0 0.851453 0.758373 0.057857 0.053472
0 0.917084 0.208775 0.056614 0.034754
0 0.828483 0.600913 0.088942 0.071900
0 0.659608 0.690588 0.051221 0.047848
0 0.617114 0.392771 0.096637 0.093034
0 0.753527 0.150829 0.053522 0.016356
0 0.748597 0.121979 0.053743 0.025134
0 0.745650 0.090006 0.054110 0.020832
0 0.532587 0.069207 0.038771 0.019415
