0 0.192879 0.202273 0.119482 0.058918
0 0.335824 0.155458 0.082894 0.059955
0 0.492914 0.402135 0.062477 0.054185
0 0.206605 0.608874 0.078747 0.058457
0 0.020703 0.655328 0.028494 0.041374
0 0.234468 0.745041 0.058254 0.032175
0 0.238465 0.772792 0.056869 0.035983
0 0.239659 0.869795 0.095548 0.068661
0 0.726522 0.957177 0.050575 0.061657
0 0.978099 0.879379 0.040344 0.037393
0 0.949728 0.953793 0.041986 0.045383
0 0.696450 0.730933 0.067614 0.036574
0 0.671882 0.706612 0.040018 0.029025
0 0.779092 0.438769 0.043828 0.069235
0 0.803208 0.434855 0.034600 0.056780
0 0.830767 0.416536 0.045981 0.067019
