0 0.774250 0.298415 0.039243 0.064417
0 0.985315 0.232847 0.029371 0.054478
0 0.727938 0.287130 0.041131 0.052826
0 0.648982 0.290756 0.061130 0.058725
0 0.613769 0.176553 0.038531 0.040646
0 0.754833 0.216514 0.048609 0.049032
0 0.820181 0.771367 0.039586 0.045430
0 0.791333 0.925553 0.039249 0.043564
0 0.805953 0.862989 0.039805 0.037785
0 0.370182 0.251592 0.041973 0.082070
0 0.331902 0.223367 0.037018 0.048474
0 0.303367 0.327300 0.056192 0.047540
0 0.240880 0.283264 0.077522 0.084552
0 0.203234 0.117672 0.042736 0.061031
0 0.357413 0.109785 0.058805 0.064662
0 0.425756 0.018249 0.037961 0.036499
0 0.420315 0.054434 0.035207 0.032627
0 0.491511 0.108896 0.045639 0.044932
0 0.504214 0.048834 0.038513 0.039555
0 0.167311 0.261838 0.058309 0.045020
0 0.219666 0.023456 0.025994 0.046911
0 0.046645 0.255615 0.052490 0.096875
0 0.140570 0.682021 0.058305 0.099351
0 0.018932 0.688735 0.037865 0.048692
0 0.292171 0.562596 0.050662 0.043935
0 0.012138 0.933530 0.024276 0.034817
0 0.103943 0.651577 0.057340 0.064786
0 0.627613 0.745932 0.042620 0.045303
0 0.551010 0.847421 0.034274 0.057987
0 0.401427 0.982408 0.020182 0.018781
0 0.367502 0.975766 0.017547 0.024996
0 0.438803 0.582322 0.037972 0.042507
0 0.654369 0.635038 0.045908 0.066313
0 0.723349 0.635176 0.046509 0.057242
