0 0.233042 0.186107 0.044387 0.037361
0 0.059648 0.273280 0.083230 0.059498
0 0.255237 0.274665 0.044389 0.037361
0 0.775420 0.183340 0.047164 0.048430
0 0.761548 0.808773 0.058259 0.053964
0 0.672077 0.745814 0.076294 0.071953
0 0.735886 0.331396 0.056872 0.045661
0 0.696352 0.489830 0.044389 0.041511
0 0.649188 0.790092 0.072133 0.052581
0 0.482730 0.490522 0.058261 0.034594
0 0.523651 0.747890 0.056873 0.040130
0 0.468165 0.718140 0.059648 0.030442
0 0.342627 0.836447 0.041614 0.040128
0 0.611735 0.832295 0.038842 0.037359
0 0.636009 0.823994 0.037453 0.037359
0 0.228187 0.617130 0.040228 0.019370
