0 0.020039 0.340791 0.040078 0.050420
0 0.961465 0.673025 0.074577 0.060988
0 0.776630 0.424214 0.045719 0.048803
0 0.745755 0.502355 0.044531 0.040181
0 0.795333 0.366002 0.049875 0.046267
0 0.286189 0.170080 0.076594 0.047803
0 0.058040 0.921213 0.069767 0.056945
0 0.136564 0.888589 0.068281 0.061691
0 0.017070 0.453574 0.034141 0.025664
0 0.020039 0.422733 0.040078 0.023300
0 0.021523 0.394413 0.043047 0.017673
0 0.280845 0.454461 0.062344 0.063028
0 0.176642 0.924934 0.061750 0.048964
0 0.524581 0.564185 0.040375 0.042833
0 0.644817 0.550776 0.138344 0.126345
0 0.646302 0.368967 0.052250 0.048641
0 0.023750 0.567150 0.030281 0.044019
