0 0.271544 0.813616 0.074812 0.058116
0 0.631061 0.978138 0.054031 0.041234
0 0.479357 0.774180 0.060958 0.062267
0 0.770988 0.925696 0.059573 0.066417
0 0.831948 0.966376 0.090052 0.064758
0 0.897755 0.853052 0.058186 0.053966
0 0.953865 0.613670 0.059573 0.070569
0 0.913688 0.521655 0.042948 0.049812
0 0.921308 0.354227 0.058187 0.047045
0 0.719035 0.296803 0.080355 0.065034
0 0.778609 0.372215 0.069270 0.060883
0 0.299945 0.330704 0.070658 0.066417
0 0.928928 0.464231 0.051263 0.045663
0 0.830959 0.527709 0.070064 0.051741
0 0.791770 0.525863 0.046312 0.040931
