0 0.217017 0.099923 0.053437 0.051408
0 0.383269 0.284605 0.070062 0.057395
0 0.494597 0.216908 0.044531 0.043125
0 0.585441 0.216910 0.078969 0.078755
0 0.617207 0.246897 0.071248 0.056791
0 0.684302 0.264602 0.072437 0.064144
0 0.898944 0.127111 0.054031 0.052859
0 0.886474 0.594280 0.082533 0.071383
0 0.834521 0.563700 0.048689 0.047044
0 0.694395 0.656643 0.073625 0.071155
0 0.730317 0.767351 0.048094 0.048108
0 0.375549 0.908125 0.065314 0.038638
0 0.066945 0.521173 0.105391 0.136600
0 0.474409 0.467720 0.051656 0.057016
0 0.419190 0.399208 0.057595 0.058966
0 0.604738 0.559184 0.049877 0.061767
