0 0.697144 0.116906 0.196905 0.119543
0 0.727858 0.057658 0.188126 0.098437
0 0.798636 0.029887 0.083273 0.031928
0 0.779047 0.306534 0.082838 0.054550
0 0.767009 0.356527 0.084282 0.038007
0 0.491145 0.594069 0.216082 0.303266
0 0.716059 0.480118 0.141440 0.184735
0 0.848865 0.378271 0.073826 0.053993
0 0.830162 0.431163 0.069594 0.064996
0 0.813054 0.479929 0.076541 0.065743
0 0.794669 0.531537 0.075342 0.063995
0 0.706447 0.604882 0.204081 0.113702
0 0.666438 0.712207 0.225032 0.221648
0 0.896415 0.920770 0.051960 0.041350
