0 0.809296 0.492639 0.055385 0.154407
0 0.781812 0.498234 0.057979 0.152644
0 0.756863 0.506420 0.054893 0.155453
0 0.729492 0.509639 0.053694 0.148444
0 0.703720 0.514863 0.056436 0.158539
0 0.681792 0.524561 0.057237 0.159063
0 0.654725 0.529647 0.059002 0.147762
0 0.631114 0.538436 0.056750 0.145049
0 0.608891 0.542104 0.052770 0.149924
0 0.854621 0.824540 0.136951 0.066321
0 0.854935 0.960133 0.063803 0.061115
0 0.882886 0.577089 0.144096 0.073295
0 0.719876 0.228961 0.108908 0.092045
0 0.966056 0.209502 0.036602 0.055087
0 0.929921 0.112536 0.031522 0.045027
