0 0.580687 0.393075 0.073551 0.058106
0 0.591282 0.538119 0.104901 0.045458
0 0.545522 0.608976 0.042364 0.036598
0 0.480822 0.608051 0.028133 0.036386
0 0.238533 0.505669 0.065922 0.041316
0 0.689091 0.446077 0.038247 0.055252
0 0.899740 0.479248 0.040089 0.045806
0 0.793168 0.323415 0.055644 0.058174
0 0.748017 0.250137 0.045815 0.062607
0 0.817743 0.196771 0.074997 0.064051
0 0.932442 0.177444 0.041661 0.037961
0 0.585968 0.280605 0.059100 0.040306
0 0.686455 0.362111 0.042201 0.034054
0 0.491784 0.189719 0.060879 0.068964
0 0.507356 0.117230 0.050225 0.048865
0 0.310699 0.061671 0.068911 0.050856
