0 0.500583 0.356268 0.072945 0.053858
0 0.542330 0.452612 0.071494 0.051135
0 0.606114 0.399451 0.093100 0.067647
0 0.964293 0.497495 0.061010 0.048106
0 0.964838 0.588761 0.039343 0.041548
0 0.666793 0.683331 0.068188 0.081144
0 0.411811 0.739768 0.048325 0.056365
0 0.255853 0.496089 0.066262 0.033316
0 0.362876 0.429781 0.036838 0.039525
0 0.189961 0.290397 0.115740 0.046120
0 0.173625 0.533424 0.057387 0.040896
0 0.063472 0.494868 0.057305 0.039075
0 0.209212 0.398757 0.039343 0.039001
0 0.078463 0.394773 0.052132 0.043667
0 0.579366 0.621489 0.077167 0.036712
0 0.767370 0.178748 0.036868 0.055686
0 0.560879 0.173711 0.040269 0.037955
0 0.469728 0.025104 0.046160 0.050208
0 0.305421 0.291106 0.029652 0.038316
0 0.244984 0.909500 0.030491 0.016240
0 0.276333 0.927027 0.084109 0.022871
0 0.764312 0.941276 0.039804 0.031351
0 0.780311 0.440558 0.073958 0.023144
0 0.980443 0.425958 0.027514 0.018389
0 0.894259 0.400258 0.059440 0.045799
0 0.958003 0.288092 0.030078 0.020649
0 0.955993 0.256625 0.020842 0.019622
0 0.714748 0.024157 0.078990 0.023578
0 0.738740 0.050446 0.036025 0.021699
0 0.390168 0.536296 0.054691 0.088838
