0 0.904729 0.895377 0.046965 0.046636
0 0.939405 0.782710 0.048551 0.040367
0 0.960816 0.714062 0.029400 0.061866
0 0.801597 0.504687 0.110112 0.101530
0 0.680217 0.195638 0.064508 0.110182
0 0.059496 0.171673 0.034235 0.058767
0 0.058939 0.302305 0.083773 0.117302
0 0.669926 0.679082 0.039606 0.045233
0 0.607484 0.676129 0.056892 0.048033
0 0.691348 0.817574 0.063232 0.057448
0 0.738172 0.914827 0.031897 0.035382
0 0.605096 0.960455 0.036437 0.047249
0 0.569194 0.964895 0.042574 0.044402
0 0.572896 0.840695 0.061870 0.044564
0 0.026646 0.879335 0.053292 0.063440
0 0.023573 0.918670 0.047146 0.026072
0 0.300653 0.849834 0.066184 0.055431
0 0.433863 0.707230 0.042993 0.040982
0 0.644056 0.933443 0.063947 0.079577
0 0.710746 0.463141 0.057931 0.057982
