0 0.025225 0.620310 0.050451 0.050792
0 0.340857 0.144924 0.041709 0.043925
0 0.408820 0.181520 0.094920 0.066124
0 0.483783 0.869439 0.098813 0.054416
0 0.658574 0.587599 0.051358 0.043903
0 0.702076 0.488141 0.054977 0.048385
0 0.813779 0.672240 0.064824 0.065202
0 0.942433 0.614754 0.050178 0.048597
0 0.943723 0.395829 0.063683 0.068308
0 0.050197 0.700658 0.053071 0.048552
0 0.140338 0.707345 0.062502 0.040267
0 0.804798 0.978603 0.073531 0.042793
0 0.599026 0.181642 0.050657 0.052482
0 0.273383 0.505579 0.068470 0.059809
0 0.293186 0.483739 0.036621 0.040650
