0 0.888235 0.088398 0.046122 0.046574
0 0.774956 0.055771 0.040081 0.048140
0 0.705933 0.035564 0.061831 0.028474
0 0.499438 0.198389 0.102677 0.110790
0 0.192459 0.325001 0.110837 0.066045
0 0.179628 0.945989 0.058921 0.033561
0 0.310125 0.943561 0.118561 0.083479
0 0.676125 0.326969 0.045645 0.040027
0 0.674192 0.389476 0.048599 0.057261
0 0.814232 0.303119 0.058210 0.063519
0 0.910711 0.254584 0.035646 0.032396
0 0.958637 0.386809 0.047592 0.036899
0 0.963590 0.422768 0.043980 0.042049
0 0.839433 0.420866 0.045512 0.061690
0 0.887645 0.970278 0.062731 0.059444
0 0.926780 0.972626 0.025527 0.054749
0 0.853198 0.693209 0.056261 0.066455
0 0.708422 0.562487 0.041555 0.043350
0 0.930907 0.348433 0.079995 0.064873
0 0.459468 0.289847 0.058579 0.058229
