0 0.724168 0.722325 0.096738 0.091672
0 0.709594 0.617095 0.076397 0.066275
0 0.461086 0.597702 0.103502 0.044899
0 0.456686 0.738929 0.096335 0.041948
0 0.309361 0.869077 0.060603 0.095039
0 0.298802 0.774980 0.065678 0.058401
0 0.535908 0.911302 0.035699 0.035903
0 0.824845 0.899951 0.062533 0.043872
0 0.882185 0.822265 0.056543 0.070184
0 0.761536 0.854662 0.041489 0.042156
0 0.717593 0.334772 0.077561 0.054432
0 0.467958 0.509149 0.066397 0.069574
0 0.164006 0.625621 0.063323 0.042696
0 0.138977 0.501340 0.076868 0.041665
0 0.258020 0.038486 0.045970 0.022727
0 0.388810 0.110002 0.047432 0.035711
0 0.387117 0.022754 0.047662 0.027787
0 0.953917 0.240598 0.037526 0.060100
0 0.357699 0.385344 0.067940 0.018666
0 0.352651 0.359590 0.067819 0.018086
0 0.613956 0.343774 0.077275 0.046526
0 0.412032 0.355738 0.036907 0.057365
0 0.506801 0.354232 0.068590 0.020089
0 0.613271 0.469709 0.049512 0.061477
0 0.992108 0.554821 0.015784 0.035891
0 0.018304 0.575845 0.030300 0.065182
0 0.054506 0.799723 0.038562 0.047942
