0 0.439759 0.044428 0.048280 0.049585
0 0.342571 0.200488 0.064083 0.074494
0 0.244936 0.349549 0.068750 0.058668
0 0.122323 0.480699 0.067492 0.060408
0 0.039499 0.501792 0.048575 0.046739
0 0.043158 0.558794 0.034340 0.037155
0 0.063434 0.578958 0.030923 0.039831
0 0.013309 0.699541 0.026617 0.060478
0 0.268948 0.657080 0.056008 0.065473
0 0.231142 0.841848 0.063214 0.073058
0 0.484822 0.800508 0.056043 0.068154
0 0.768659 0.932722 0.074456 0.090368
0 0.658056 0.437750 0.073051 0.070151
0 0.746980 0.530281 0.065480 0.066786
0 0.059976 0.641270 0.052689 0.058166
0 0.679195 0.592482 0.050995 0.052926
0 0.783180 0.640254 0.040104 0.057519
0 0.760540 0.651336 0.040490 0.058742
0 0.891239 0.942026 0.055142 0.055352
0 0.694846 0.697072 0.047822 0.054013
0 0.646342 0.538492 0.043228 0.044075
0 0.837019 0.457920 0.054557 0.051844
0 0.822080 0.410905 0.052070 0.070486
0 0.864016 0.502987 0.045207 0.040884
