0 0.066373 0.717182 0.075076 0.067356
0 0.060328 0.480229 0.073647 0.070145
0 0.086884 0.353035 0.064969 0.079519
0 0.229864 0.955193 0.087797 0.055732
0 0.421359 0.762969 0.038889 0.059534
0 0.403681 0.632368 0.088870 0.070054
0 0.382168 0.516287 0.053483 0.060753
0 0.507280 0.501281 0.048869 0.073497
0 0.557565 0.807707 0.041322 0.068642
0 0.710591 0.784658 0.067386 0.048005
0 0.714807 0.907920 0.033363 0.050727
0 0.871847 0.794859 0.039562 0.061364
0 0.703882 0.518680 0.055486 0.040394
0 0.884394 0.592408 0.022516 0.026671
0 0.855717 0.592108 0.030655 0.049399
