0 0.428915 0.275676 0.073254 0.090597
0 0.485814 0.297494 0.084136 0.111599
0 0.522716 0.324510 0.055173 0.090505
0 0.579909 0.219144 0.046696 0.048616
0 0.563239 0.352349 0.072779 0.090214
0 0.397914 0.837132 0.110982 0.135669
0 0.380111 0.925903 0.065861 0.062417
0 0.621037 0.985707 0.063948 0.028585
0 0.390566 0.691718 0.092526 0.096244
0 0.355692 0.653154 0.060973 0.051609
0 0.490542 0.495012 0.055491 0.057129
0 0.350356 0.438636 0.056267 0.077264
0 0.246131 0.515116 0.049820 0.056541
0 0.155432 0.640245 0.065020 0.061532
0 0.088906 0.582495 0.064726 0.064096
0 0.028429 0.519111 0.049057 0.054141
0 0.067303 0.346598 0.061711 0.052968
0 0.027245 0.327726 0.036807 0.061525
0 0.048277 0.169831 0.062650 0.066109
0 0.049181 0.076427 0.041949 0.046948
0 0.006647 0.792083 0.013294 0.045080
0 0.795936 0.286539 0.049192 0.040570
0 0.863175 0.225825 0.041606 0.044748
0 0.937064 0.501119 0.053464 0.057544
