0 0.053099 0.261217 0.084161 0.081973
0 0.288459 0.404044 0.034386 0.058089
0 0.652417 0.303791 0.124984 0.079967
0 0.642627 0.367125 0.118176 0.067331
0 0.830599 0.504369 0.059433 0.082850
0 0.846711 0.358873 0.088879 0.075287
0 0.391507 0.291395 0.017964 0.040267
0 0.519473 0.563751 0.053790 0.039684
0 0.498417 0.776064 0.058535 0.049102
0 0.459344 0.596522 0.024491 0.077911
0 0.442753 0.745297 0.020474 0.077620
0 0.470018 0.729405 0.015818 0.037413
0 0.483072 0.611729 0.024859 0.040634
0 0.275145 0.922382 0.027894 0.061678
0 0.307463 0.914862 0.021474 0.038419
0 0.324179 0.931128 0.018573 0.020124
0 0.411039 0.954445 0.050067 0.051903
0 0.819940 0.110911 0.045072 0.054946
