0 0.131282 0.527679 0.056118 0.048463
0 0.271737 0.147618 0.100721 0.083384
0 0.074136 0.185161 0.052039 0.046731
0 0.080689 0.303414 0.042448 0.046182
0 0.699243 0.361376 0.076866 0.049777
0 0.910385 0.787590 0.108240 0.061515
0 0.595215 0.649259 0.053969 0.045907
0 0.630769 0.548665 0.043303 0.040562
0 0.536312 0.987034 0.038583 0.025933
0 0.281916 0.302768 0.019646 0.057830
0 0.307192 0.304719 0.022109 0.061523
0 0.170942 0.121742 0.045599 0.046721
0 0.850250 0.064277 0.054041 0.045010
0 0.647404 0.087602 0.059370 0.065001
0 0.631804 0.306329 0.037509 0.044245
0 0.516786 0.517697 0.042017 0.045461
