0 0.465616 0.781609 0.064439 0.066475
0 0.454339 0.936477 0.063746 0.051536
0 0.328104 0.709585 0.059203 0.090445
0 0.318030 0.847842 0.042010 0.043511
0 0.069404 0.583099 0.046810 0.053314
0 0.396137 0.635885 0.061404 0.057905
0 0.558962 0.728662 0.053449 0.055095
0 0.513168 0.586013 0.048757 0.051767
0 0.710939 0.612969 0.057607 0.058460
0 0.646568 0.501490 0.049399 0.055020
0 0.603534 0.317421 0.056947 0.063213
0 0.587139 0.242328 0.062071 0.074571
0 0.535290 0.072283 0.060209 0.064412
0 0.404093 0.271093 0.058471 0.057653
0 0.377375 0.341695 0.044285 0.054693
0 0.763976 0.767457 0.057467 0.050957
0 0.687751 0.822101 0.043425 0.042278
0 0.668581 0.839903 0.050156 0.051692
0 0.871665 0.291579 0.066875 0.049166
0 0.883051 0.696563 0.045362 0.042899
0 0.644767 0.312560 0.043627 0.046174
0 0.836961 0.673551 0.049555 0.058087
0 0.256665 0.309465 0.090315 0.088987
