0 0.369909 0.045226 0.049281 0.048905
0 0.693801 0.185084 0.076002 0.067620
0 0.633534 0.252216 0.057594 0.051222
0 0.557535 0.391452 0.048095 0.044008
0 0.479011 0.027299 0.043047 0.036777
0 0.410878 0.831083 0.044531 0.039084
0 0.403753 0.769698 0.048094 0.040848
0 0.714583 0.786304 0.045125 0.034920
0 0.841944 0.562708 0.033844 0.043166
0 0.836598 0.478705 0.040969 0.035591
0 0.111328 0.845608 0.060563 0.038606
0 0.075109 0.886513 0.039188 0.027878
0 0.910224 0.317065 0.039780 0.044489
0 0.927741 0.489905 0.047500 0.045220
