0 0.664611 0.862111 0.046085 0.039848
0 0.827382 0.707684 0.038688 0.036844
0 0.670655 0.573038 0.036051 0.056678
0 0.202799 0.535470 0.048596 0.033578
0 0.027328 0.255862 0.050111 0.044944
0 0.259047 0.134823 0.042816 0.033460
0 0.323659 0.316397 0.049101 0.036148
0 0.893876 0.185876 0.040566 0.035078
0 0.857700 0.103968 0.045118 0.045489
0 0.623308 0.152517 0.049516 0.018902
0 0.625934 0.131536 0.049888 0.015533
0 0.627080 0.110195 0.043928 0.014627
0 0.647944 0.070433 0.043226 0.018337
0 0.649775 0.051929 0.034204 0.019741
0 0.410019 0.556046 0.035860 0.038011
0 0.925657 0.573551 0.054167 0.038535
0 0.408313 0.674177 0.047483 0.044740
