0 0.539389 0.395011 0.037156 0.036095
0 0.495358 0.249344 0.035847 0.065309
0 0.481541 0.035188 0.059803 0.070375
0 0.118712 0.307305 0.049357 0.046557
0 0.110678 0.228327 0.048616 0.084547
0 0.088335 0.159698 0.038771 0.045181
0 0.055342 0.092753 0.056386 0.086965
0 0.144710 0.903774 0.050506 0.056545
0 0.249580 0.605080 0.041856 0.046758
0 0.320743 0.402427 0.037075 0.039115
0 0.853827 0.853032 0.039565 0.045592
0 0.924213 0.847716 0.038315 0.048620
0 0.841879 0.669625 0.057619 0.041996
0 0.906743 0.025052 0.040727 0.050105
0 0.610300 0.671733 0.021634 0.038160
0 0.196015 0.303512 0.018988 0.034259
0 0.157936 0.306515 0.020672 0.039040
0 0.312441 0.164811 0.016222 0.054942
