0 0.755241 0.244574 0.075209 0.047962
0 0.631544 0.200704 0.068281 0.067968
0 0.498639 0.081247 0.062405 0.064998
0 0.690530 0.489524 0.050559 0.077881
0 0.715279 0.604845 0.060850 0.045444
0 0.705968 0.733849 0.042478 0.034327
0 0.681054 0.773867 0.076798 0.034843
0 0.153645 0.637451 0.075957 0.048822
0 0.160687 0.711030 0.054797 0.039092
0 0.348008 0.767997 0.039588 0.018496
0 0.349302 0.793770 0.038697 0.020193
0 0.345411 0.815368 0.040813 0.017695
0 0.054171 0.720293 0.057059 0.023397
0 0.207418 0.315728 0.038299 0.023194
0 0.206489 0.335652 0.042286 0.017187
0 0.202700 0.355983 0.042043 0.019516
0 0.196882 0.378719 0.038871 0.019984
0 0.080399 0.899808 0.038401 0.049128
0 0.199333 0.787444 0.044411 0.045970
0 0.642522 0.892357 0.024785 0.034221
