0 0.706023 0.206062 0.071718 0.074367
0 0.511809 0.034663 0.087112 0.068596
0 0.916437 0.025045 0.085222 0.050089
0 0.664278 0.565340 0.046615 0.068709
0 0.617160 0.951644 0.095183 0.073888
0 0.928753 0.762879 0.059785 0.048618
0 0.911833 0.720515 0.058890 0.045607
0 0.745904 0.610639 0.032079 0.113925
0 0.627460 0.709286 0.054749 0.055054
0 0.462770 0.939652 0.047792 0.083101
0 0.442544 0.870577 0.034631 0.039785
0 0.525552 0.795712 0.030186 0.064615
0 0.376260 0.814168 0.029225 0.063548
0 0.255857 0.768576 0.052648 0.069516
0 0.307162 0.802604 0.060291 0.093833
0 0.554769 0.167978 0.040046 0.069676
0 0.441785 0.046471 0.045370 0.079117
0 0.420302 0.028925 0.034459 0.048951
0 0.071246 0.181310 0.069607 0.053040
0 0.050217 0.054856 0.057099 0.039826
0 0.189201 0.419496 0.062942 0.063664
0 0.069544 0.687865 0.048623 0.055130
0 0.490378 0.457787 0.047936 0.046285
