0 0.966516 0.580807 0.066969 0.074788
0 0.914051 0.349471 0.087273 0.082464
0 0.851372 0.236199 0.081876 0.083875
0 0.891632 0.854283 0.092461 0.064066
0 0.652089 0.727464 0.054595 0.058913
0 0.633134 0.600111 0.100822 0.078981
0 0.617445 0.480819 0.068908 0.069302
0 0.494690 0.503104 0.058552 0.073002
0 0.534915 0.809946 0.059586 0.069836
0 0.381467 0.835868 0.077738 0.058334
0 0.414181 0.953250 0.046061 0.052661
0 0.234248 0.892150 0.048497 0.056578
0 0.311871 0.576289 0.062107 0.051598
0 0.159561 0.701808 0.027528 0.029984
0 0.186270 0.692172 0.042788 0.054204
