0 0.160880 0.688449 0.055319 0.074423
0 0.042581 0.310533 0.039745 0.052785
0 0.225854 0.487159 0.063154 0.056794
0 0.110924 0.179658 0.065585 0.059129
0 0.078906 0.112661 0.066808 0.085839
0 0.198561 0.061930 0.055589 0.059101
0 0.443080 0.034906 0.070380 0.062502
0 0.528838 0.086419 0.051130 0.043977
0 0.695524 0.099598 0.047370 0.059103
0 0.728883 0.307108 0.068264 0.080093
0 0.660533 0.238872 0.064650 0.069091
0 0.643400 0.719281 0.067611 0.068276
0 0.588282 0.078291 0.046842 0.051049
0 0.512957 0.167308 0.057469 0.066361
0 0.509997 0.207253 0.039107 0.048064
