0 0.745534 0.575561 0.117935 0.041103
0 0.411304 0.543079 0.053923 0.078559
0 0.332089 0.615058 0.056486 0.072241
0 0.529375 0.154578 0.043044 0.055976
0 0.630461 0.861635 0.083189 0.042439
0 0.809387 0.808195 0.078757 0.059805
0 0.743885 0.603663 0.055429 0.018364
0 0.899687 0.529633 0.033568 0.035018
0 0.888021 0.135222 0.039749 0.016992
0 0.877172 0.112559 0.038685 0.018746
0 0.828993 0.230674 0.037083 0.042278
0 0.862650 0.280677 0.084204 0.023703
0 0.845024 0.259667 0.062647 0.021642
0 0.770804 0.734491 0.146301 0.030308
0 0.476804 0.802122 0.046873 0.016213
0 0.473021 0.756773 0.045585 0.023231
