0 0.632498 0.397949 0.060211 0.049431
0 0.323572 0.527677 0.066437 0.068723
0 0.087996 0.630898 0.065323 0.053634
0 0.250127 0.933862 0.059378 0.093259
0 0.884290 0.228475 0.074000 0.017381
0 0.959466 0.133921 0.058517 0.062532
0 0.949453 0.185367 0.023256 0.018072
0 0.959379 0.208622 0.019746 0.016243
0 0.805559 0.310154 0.071885 0.033116
0 0.783663 0.275779 0.061433 0.026570
0 0.612793 0.043227 0.043112 0.058870
0 0.663639 0.030499 0.044317 0.057551
0 0.564164 0.294066 0.056605 0.052731
0 0.473295 0.464841 0.049895 0.063128
0 0.445304 0.704344 0.027092 0.040719
0 0.445751 0.823946 0.038339 0.016638
0 0.459046 0.796989 0.025554 0.015117
0 0.485483 0.140384 0.049935 0.064874
