0 0.415960 0.570388 0.079884 0.062745
0 0.542984 0.540256 0.038272 0.048913
0 0.552120 0.258072 0.068509 0.075875
0 0.877958 0.351104 0.077426 0.103520
0 0.924222 0.580426 0.039946 0.052120
0 0.968424 0.406841 0.063151 0.114740
0 0.827823 0.053309 0.056675 0.085312
0 0.910034 0.078123 0.038242 0.029221
0 0.845446 0.129954 0.035524 0.039510
0 0.615129 0.781409 0.041608 0.114940
0 0.059011 0.291402 0.035650 0.037500
0 0.087526 0.875662 0.037967 0.054341
0 0.402743 0.873529 0.073792 0.024788
0 0.396236 0.953829 0.038861 0.039971
0 0.586605 0.925166 0.060955 0.042128
0 0.961196 0.810631 0.057231 0.095838
