0 0.689467 0.855073 0.077781 0.037417
0 0.687686 0.914464 0.056406 0.055234
0 0.436825 0.877212 0.059375 0.079322
0 0.409661 0.974603 0.062047 0.050794
0 0.548598 0.686995 0.066203 0.042167
0 0.755819 0.640425 0.060266 0.038116
0 0.690060 0.635971 0.045720 0.036336
0 0.844437 0.634933 0.055220 0.018819
0 0.338707 0.057741 0.086392 0.108094
0 0.084134 0.633155 0.068875 0.038191
0 0.017753 0.820659 0.033013 0.051602
0 0.250238 0.774893 0.085203 0.062361
0 0.130893 0.955146 0.035923 0.045139
0 0.057564 0.985591 0.046016 0.028817
0 0.118720 0.890707 0.036516 0.039792
0 0.107588 0.854948 0.040969 0.024102
0 0.183588 0.801656 0.039780 0.056347
0 0.510450 0.539331 0.036812 0.064294
0 0.541473 0.538516 0.030578 0.035041
0 0.450777 0.179466 0.096783 0.028566
0 0.497239 0.153955 0.116672 0.021380
0 0.564333 0.191966 0.062047 0.021383
0 0.583333 0.160192 0.043047 0.018413
0 0.558990 0.128688 0.037705 0.023111
0 0.883328 0.263488 0.030875 0.034952
0 0.366464 0.584247 0.039781 0.045731
0 0.550826 0.881675 0.027311 0.040038
0 0.564185 0.532577 0.027908 0.038605
0 0.641966 0.475857 0.037408 0.060580
0 0.529005 0.046717 0.098267 0.090941
