0 0.297642 0.839437 0.059025 0.060713
0 0.355843 0.836645 0.072183 0.048771
0 0.313402 0.984072 0.072295 0.031856
0 0.236424 0.933594 0.066193 0.046338
0 0.187756 0.638284 0.108542 0.090388
0 0.537268 0.530493 0.081138 0.054945
0 0.061205 0.209141 0.120801 0.055190
0 0.274342 0.070354 0.112992 0.052144
0 0.544932 0.182917 0.073872 0.067508
0 0.793640 0.579434 0.064508 0.083682
0 0.661111 0.495335 0.050671 0.070343
0 0.637291 0.580404 0.069552 0.087885
0 0.508721 0.603247 0.069635 0.080229
0 0.381220 0.566560 0.076958 0.085458
0 0.029587 0.445192 0.059175 0.113416
0 0.624412 0.121898 0.047836 0.061406
0 0.550607 0.130711 0.076807 0.047050
0 0.720867 0.325923 0.049506 0.066180
0 0.142918 0.545020 0.061470 0.053789
