0 0.614146 0.040989 0.049106 0.049362
0 0.295285 0.191925 0.076204 0.067890
0 0.357875 0.256846 0.057517 0.051843
0 0.438745 0.393407 0.048459 0.044862
0 0.504474 0.026704 0.043528 0.037127
0 0.600611 0.827714 0.044939 0.039651
0 0.605578 0.766107 0.048334 0.041393
0 0.295549 0.793696 0.045470 0.036070
0 0.160461 0.574676 0.034775 0.043802
0 0.162874 0.490361 0.041172 0.036128
0 0.900548 0.831879 0.059987 0.040044
0 0.938193 0.871500 0.038998 0.028752
0 0.083631 0.331483 0.040128 0.044752
0 0.072087 0.504772 0.047802 0.045908
