0 0.927041 0.426307 0.043751 0.056150
0 0.782251 0.081582 0.047273 0.047815
0 0.657326 0.295219 0.038439 0.038513
0 0.626245 0.148732 0.069279 0.038316
0 0.079750 0.259293 0.043972 0.054223
0 0.196990 0.331278 0.067044 0.045769
0 0.482927 0.226881 0.048054 0.048282
0 0.423427 0.427866 0.042566 0.024004
0 0.482096 0.433781 0.066030 0.047347
0 0.548495 0.367571 0.049433 0.039073
0 0.815387 0.045941 0.082291 0.022050
0 0.802148 0.384601 0.042072 0.023561
0 0.797254 0.404393 0.038763 0.024809
0 0.800786 0.324964 0.045426 0.024964
0 0.795774 0.354449 0.036199 0.024745
