0 0.227988 0.263117 0.076095 0.052859
0 0.347036 0.210555 0.069853 0.072458
0 0.472030 0.081973 0.064800 0.067111
0 0.309286 0.502762 0.054991 0.080773
0 0.292492 0.619466 0.062422 0.049297
0 0.309880 0.747455 0.041911 0.036822
0 0.338416 0.785762 0.077583 0.039792
0 0.855180 0.614121 0.072530 0.051670
0 0.853992 0.686875 0.054694 0.042762
0 0.670293 0.756660 0.040427 0.020786
0 0.670739 0.782496 0.039534 0.022570
0 0.676238 0.803877 0.041614 0.020191
0 0.960407 0.688657 0.055883 0.027320
0 0.778788 0.295783 0.038642 0.025537
0 0.781315 0.315382 0.043102 0.019598
0 0.786369 0.335575 0.042506 0.021975
0 0.793800 0.357847 0.039534 0.022569
0 0.945099 0.869977 0.038939 0.047161
0 0.819809 0.765866 0.046964 0.048702
0 0.385233 0.901278 0.026753 0.035634
