0 0.143531 0.881010 0.055403 0.057504
0 0.201433 0.863986 0.045563 0.041155
0 0.247142 0.816946 0.052558 0.067334
0 0.643182 0.969007 0.068394 0.061985
0 0.769887 0.800869 0.092313 0.081199
0 0.922395 0.727231 0.050652 0.049675
0 0.623742 0.272366 0.089902 0.048808
0 0.605370 0.240247 0.072334 0.042181
0 0.587499 0.211811 0.041037 0.024250
0 0.491892 0.342693 0.054674 0.033317
0 0.152290 0.081681 0.076995 0.047666
0 0.202996 0.279610 0.058359 0.030757
0 0.378114 0.137637 0.054153 0.060537
0 0.457495 0.102912 0.042223 0.036702
0 0.452583 0.254196 0.029338 0.019867
0 0.458707 0.277196 0.033640 0.017674
