0 0.945960 0.336976 0.108080 0.072775
0 0.482182 0.877554 0.141410 0.068021
0 0.543672 0.785307 0.062336 0.057069
0 0.557566 0.586498 0.083196 0.039948
0 0.678578 0.360794 0.098196 0.061452
0 0.562127 0.319593 0.087462 0.065489
0 0.266254 0.132277 0.061768 0.057034
0 0.017059 0.622328 0.034117 0.034314
0 0.231005 0.286534 0.086130 0.074229
0 0.421196 0.263491 0.044308 0.054515
0 0.348823 0.562869 0.110220 0.101080
0 0.136822 0.737169 0.053111 0.023505
0 0.133414 0.764790 0.051313 0.024209
0 0.123738 0.796603 0.057982 0.030060
0 0.315787 0.890103 0.041969 0.017024
