0 0.813135 0.769244 0.046800 0.041892
0 0.966325 0.652995 0.067350 0.059481
0 0.777361 0.684705 0.047667 0.042977
0 0.276858 0.854859 0.041605 0.045035
0 0.193910 0.235618 0.057975 0.052215
0 0.291696 0.284023 0.075571 0.063689
0 0.293394 0.703537 0.052059 0.040759
0 0.306537 0.541282 0.042617 0.035968
0 0.307809 0.236926 0.074925 0.044339
0 0.519081 0.506117 0.058842 0.027441
0 0.437754 0.259079 0.058338 0.033777
0 0.497319 0.279240 0.058914 0.023124
0 0.602803 0.142860 0.041318 0.038332
0 0.337550 0.189600 0.040962 0.034078
0 0.315306 0.201272 0.039157 0.034512
0 0.750828 0.343374 0.041393 0.022258
