0 0.079753 0.580995 0.039616 0.043810
0 0.233201 0.752822 0.048341 0.047201
0 0.303863 0.726573 0.069746 0.045734
0 0.191883 0.956714 0.060229 0.032404
0 0.611357 0.987729 0.055083 0.024543
0 0.897447 0.792172 0.042238 0.042662
0 0.797155 0.738448 0.037177 0.041611
0 0.855759 0.524667 0.062332 0.044318
0 0.848451 0.365054 0.073310 0.069927
0 0.986763 0.170991 0.026474 0.046712
0 0.552766 0.309350 0.043454 0.046756
0 0.472861 0.333212 0.065909 0.053097
0 0.326977 0.357859 0.041829 0.033660
0 0.246625 0.408448 0.033881 0.046507
0 0.173119 0.475378 0.045867 0.041857
0 0.642057 0.632436 0.036484 0.044004
0 0.328249 0.502978 0.039013 0.030431
