0 0.427294 0.984145 0.093139 0.023989
0 0.504171 0.756925 0.068590 0.045172
0 0.344824 0.397158 0.055029 0.078399
0 0.028049 0.320803 0.045389 0.038157
0 0.116814 0.332577 0.038552 0.059752
0 0.223607 0.443803 0.040294 0.039832
0 0.278867 0.224086 0.043225 0.040851
0 0.230824 0.185497 0.050922 0.037058
0 0.147551 0.219852 0.081109 0.021792
0 0.045387 0.208306 0.071441 0.020888
0 0.181028 0.020931 0.067564 0.041861
0 0.251511 0.009143 0.037571 0.018285
0 0.531353 0.045172 0.055745 0.054988
0 0.622653 0.119313 0.051808 0.062206
0 0.569953 0.206751 0.042408 0.050542
0 0.674760 0.205812 0.056850 0.056194
0 0.668941 0.408116 0.052642 0.053324
0 0.779291 0.180947 0.062433 0.084106
0 0.175833 0.178346 0.033192 0.038533
0 0.424616 0.836820 0.073697 0.016661
0 0.730048 0.895166 0.026772 0.027697
0 0.722408 0.921383 0.026536 0.028353
0 0.965756 0.979405 0.033305 0.023728
0 0.895516 0.344871 0.095446 0.051895
0 0.193430 0.549759 0.043333 0.044594
0 0.383169 0.612778 0.036005 0.038533
0 0.014561 0.871877 0.029122 0.070969
0 0.804334 0.254247 0.073842 0.042604
0 0.761787 0.228517 0.024252 0.019899
0 0.835133 0.681325 0.022598 0.018202
0 0.831255 0.709936 0.021368 0.017835
0 0.502750 0.242106 0.053773 0.069384
