0 0.363133 0.420981 0.040809 0.013075
0 0.372048 0.401170 0.057848 0.026547
0 0.431282 0.403151 0.057452 0.026545
0 0.410283 0.423754 0.016244 0.016245
0 0.392255 0.423952 0.017434 0.018227
0 0.364916 0.432471 0.028528 0.009114
0 0.438414 0.423160 0.041603 0.014264
0 0.436433 0.434650 0.028131 0.009509
0 0.438341 0.197999 0.026614 0.025002
0 0.429268 0.187515 0.041536 0.036292
0 0.414751 0.178241 0.031052 0.029034
0 0.232478 0.356682 0.056053 0.063311
0 0.221187 0.375634 0.033470 0.039922
0 0.209896 0.379869 0.022986 0.025809
0 0.200218 0.354665 0.021373 0.022180
0 0.155657 0.332083 0.022583 0.025406
0 0.180055 0.347406 0.020566 0.019759
0 0.163118 0.324421 0.036695 0.041536
0 0.182877 0.316557 0.055245 0.061295
0 0.218767 0.185902 0.059278 0.054036
0 0.268570 0.146987 0.062908 0.056859
0 0.196790 0.178240 0.033873 0.030648
0 0.221994 0.154448 0.021372 0.020164
0 0.265545 0.124002 0.035084 0.031050
0 0.237317 0.143762 0.022178 0.021373
0 0.381280 0.055448 0.050408 0.046375
0 0.415558 0.027421 0.047988 0.044358
0 0.360916 0.046577 0.031453 0.029437
