0 0.810697 0.858173 0.150241 0.121394
0 0.290565 0.487981 0.037861 0.043269
0 0.341646 0.443509 0.071514 0.125000
0 0.416466 0.437500 0.094952 0.126203
0 0.411659 0.361479 0.087739 0.037861
0 0.672477 0.165866 0.015625 0.066106
0 0.696214 0.167669 0.015025 0.056491
0 0.720252 0.178786 0.011417 0.031850
0 0.736478 0.185697 0.011419 0.018028
0 0.689603 0.250000 0.089544 0.093750
0 0.633714 0.272536 0.031850 0.061900
0 0.681190 0.545973 0.244592 0.493391
0 0.823016 0.680589 0.047477 0.188100
0 0.532152 0.567007 0.114784 0.469352
0 0.474759 0.411659 0.021634 0.131011
0 0.846454 0.059195 0.071514 0.066708
0 0.825421 0.128305 0.075120 0.081130
0 0.756611 0.028846 0.027644 0.026442
