0 0.697190 0.484795 0.070861 0.075814
0 0.764241 0.460793 0.019811 0.027048
0 0.775862 0.439458 0.052955 0.060575
0 0.655362 0.848722 0.051491 0.053978
0 0.667259 0.868608 0.053977 0.044034
0 0.678267 0.883877 0.054688 0.045455
0 0.689275 0.900568 0.054688 0.045455
0 0.700106 0.915483 0.055753 0.046166
0 0.710227 0.931286 0.055398 0.045809
0 0.717862 0.944957 0.051491 0.040483
0 0.702238 0.800959 0.042969 0.047230
0 0.711470 0.814098 0.045100 0.042969
0 0.719637 0.829368 0.047941 0.040839
0 0.731002 0.844638 0.050072 0.041548
0 0.741477 0.860086 0.047586 0.039062
0 0.752309 0.875710 0.049361 0.041905
0 0.763317 0.891868 0.047941 0.040839
0 0.774148 0.906427 0.050427 0.040839
0 0.762962 0.770419 0.076348 0.081322
0 0.771662 0.791193 0.062500 0.061789
