0 0.082648 0.951070 0.046875 0.048520
0 0.052220 0.968750 0.030428 0.024672
0 0.135280 0.976192 0.055100 0.044491
0 0.170641 0.989762 0.032073 0.017352
0 0.710659 0.918248 0.071986 0.076452
0 0.769531 0.833427 0.045759 0.048550
0 0.863002 0.803851 0.035156 0.031808
0 0.867745 0.847656 0.054688 0.064731
0 0.661272 0.640346 0.055803 0.080914
0 0.939453 0.597936 0.050781 0.058594
0 0.939174 0.647601 0.026786 0.048548
0 0.973493 0.496652 0.046317 0.056919
0 0.085101 0.168806 0.056361 0.049666
0 0.074777 0.190848 0.050223 0.037947
0 0.378348 0.154018 0.055803 0.045758
0 0.430524 0.187779 0.055245 0.060827
0 0.532645 0.230748 0.054130 0.053014
0 0.631138 0.284320 0.069195 0.070870
