0 0.316269 0.170777 0.018856 0.017572
0 0.288413 0.159420 0.062567 0.061711
0 0.415049 0.326554 0.046711 0.043711
0 0.371766 0.314341 0.047569 0.050141
0 0.382266 0.339196 0.019712 0.020142
0 0.304055 0.358695 0.043283 0.047997
0 0.358052 0.390408 0.078423 0.085709
0 0.376266 0.434548 0.024856 0.024856
0 0.290555 0.491759 0.048855 0.044141
0 0.329553 0.502473 0.041141 0.047569
0 0.404978 0.494331 0.059141 0.066425
0 0.373909 0.526900 0.030427 0.033856
0 0.539328 0.529685 0.074137 0.071139
0 0.731883 0.934417 0.037672 0.113403
0 0.758097 0.939466 0.052041 0.117287
