0 0.697057 0.041698 0.041458 0.030370
0 0.714170 0.077130 0.054472 0.052062
0 0.730078 0.116176 0.049653 0.032780
0 0.735862 0.130155 0.027478 0.021211
0 0.754180 0.121961 0.013980 0.016391
0 0.748155 0.141725 0.039528 0.027959
0 0.754663 0.155946 0.040011 0.027477
0 0.757555 0.196439 0.047723 0.033263
0 0.760448 0.209696 0.040011 0.028923
0 0.755145 0.225845 0.042903 0.030370
0 0.783587 0.227050 0.041939 0.029888
0 0.781899 0.243922 0.050133 0.034709
0 0.735863 0.214516 0.014944 0.015427
0 0.746950 0.244163 0.013016 0.015908
0 0.756109 0.240788 0.013016 0.015908
0 0.794915 0.302733 0.029889 0.031816
0 0.826249 0.297913 0.051098 0.052063
0 0.621615 0.341056 0.043867 0.050616
0 0.642102 0.321052 0.037602 0.035672
