0 0.441732 0.780599 0.046223 0.057292
0 0.695312 0.776042 0.054688 0.042969
0 0.154623 0.637044 0.077473 0.080078
0 0.594727 0.502604 0.048828 0.072917
0 0.486328 0.420247 0.046875 0.056641
0 0.469402 0.293620 0.042969 0.053386
0 0.504558 0.313151 0.027344 0.016927
0 0.628906 0.217448 0.044272 0.055989
0 0.761067 0.225260 0.050781 0.055989
0 0.809245 0.453125 0.053386 0.062500
0 0.946708 0.286273 0.027344 0.017858
0 0.964007 0.327566 0.068639 0.035714
0 0.948438 0.761719 0.100000 0.137278
0 0.463021 0.042448 0.073958 0.068230
0 0.538021 0.030730 0.044792 0.053125
0 0.639844 0.030989 0.069272 0.060937
