0 0.466415 0.468644 0.054820 0.086909
0 0.545079 0.432320 0.034764 0.066855
0 0.415606 0.551987 0.050362 0.028969
0 0.449847 0.390908 0.050272 0.030338
0 0.413660 0.489502 0.049839 0.029903
0 0.430345 0.515288 0.049406 0.030338
0 0.377473 0.519405 0.039870 0.059372
0 0.419077 0.472816 0.049405 0.026870
0 0.425361 0.457215 0.048972 0.030336
0 0.430563 0.441613 0.048972 0.027736
0 0.436846 0.426228 0.046805 0.028169
0 0.442047 0.408677 0.048538 0.029469
0 0.455698 0.372273 0.047237 0.031205
0 0.464799 0.355370 0.050705 0.033803
0 0.472600 0.338252 0.046372 0.031636
0 0.480184 0.320701 0.048539 0.032070
0 0.489068 0.302932 0.048105 0.032070
0 0.548874 0.370973 0.019502 0.044205
0 0.570543 0.346487 0.021236 0.093177
0 0.401229 0.507912 0.014930 0.017209
