0 0.529748 0.426970 0.051847 0.091494
0 0.554452 0.460823 0.034158 0.023787
0 0.547438 0.491931 0.035987 0.032328
0 0.511755 0.510840 0.045137 0.086005
0 0.585865 0.508705 0.031108 0.026838
0 0.606908 0.542253 0.056116 0.078075
0 0.608128 0.439474 0.025619 0.031108
0 0.634661 0.471498 0.059166 0.078073
0 0.180897 0.968870 0.041953 0.017861
0 0.180274 0.953085 0.041539 0.017861
0 0.180690 0.936262 0.040708 0.017447
0 0.180274 0.920270 0.039045 0.017863
0 0.178820 0.905940 0.041953 0.017445
0 0.179443 0.889116 0.034061 0.012877
0 0.179859 0.876033 0.034061 0.014122
0 0.179235 0.860455 0.034477 0.013708
0 0.177159 0.844880 0.033645 0.011631
