0 0.450727 0.123101 0.094159 0.107280
0 0.359269 0.055183 0.065603 0.060972
0 0.339974 0.078337 0.059427 0.051711
0 0.322223 0.096088 0.067145 0.064058
0 0.090300 0.426415 0.171338 0.303314
0 0.180985 0.309489 0.022383 0.029328
0 0.077951 0.577301 0.050939 0.043220
0 0.192563 0.440693 0.057884 0.089527
0 0.224591 0.384352 0.029328 0.040133
0 0.256234 0.307559 0.035503 0.040905
0 0.268198 0.317207 0.036273 0.043220
0 0.289036 0.328784 0.043991 0.047852
0 0.160919 0.584633 0.059428 0.087212
0 0.196806 0.503980 0.058656 0.081809
0 0.236168 0.419855 0.063286 0.095703
0 0.251604 0.614732 0.223820 0.312577
0 0.329170 0.739762 0.045536 0.043992
0 0.295210 0.717380 0.042448 0.043992
0 0.348849 0.744393 0.018523 0.020839
0 0.319522 0.637500 0.075634 0.134291
0 0.331098 0.652550 0.066375 0.116541
0 0.361970 0.672230 0.092616 0.120398
0 0.338735 0.349048 0.052211 0.035453
0 0.388370 0.254938 0.050923 0.039320
0 0.349049 0.331000 0.053502 0.038031
0 0.358717 0.311340 0.057369 0.039964
0 0.342888 0.240210 0.099852 0.140358
0 0.368064 0.293291 0.054147 0.039964
0 0.379023 0.275242 0.052858 0.042544
0 0.164379 0.209595 0.030145 0.043331
0 0.190284 0.190284 0.054636 0.093258
0 0.212657 0.175683 0.076773 0.137531
0 0.249866 0.185103 0.122931 0.169559
0 0.295081 0.209595 0.105975 0.156372
0 0.343123 0.193816 0.046628 0.062642
