0 0.079545 0.490412 0.059659 0.061789
0 0.346236 0.411932 0.075994 0.079545
0 0.430398 0.569602 0.058239 0.044033
0 0.442472 0.604759 0.022728 0.024858
0 0.617188 0.916904 0.055397 0.063920
0 0.820312 0.967330 0.065341 0.056819
0 0.912997 0.977912 0.063209 0.041052
0 0.051136 0.119318 0.031250 0.026989
0 0.083452 0.100852 0.049006 0.048295
0 0.132102 0.140270 0.062500 0.073153
0 0.170455 0.143466 0.034091 0.026989
0 0.118252 0.200995 0.074573 0.053977
0 0.710287 0.068034 0.072917 0.078777
0 0.917318 0.162434 0.049480 0.041016
0 0.923177 0.128255 0.035156 0.040364
0 0.863932 0.015625 0.049480 0.029947
