0 0.330210 0.078576 0.053027 0.062667
0 0.338405 0.026031 0.037602 0.045312
0 0.355518 0.025790 0.013980 0.026514
0 0.397457 0.266096 0.045795 0.051098
0 0.390709 0.254287 0.035189 0.040011
0 0.369980 0.248020 0.035191 0.036155
0 0.383719 0.231629 0.022175 0.021692
0 0.436262 0.203429 0.027959 0.049170
0 0.455304 0.205598 0.041939 0.066042
0 0.427544 0.511941 0.011119 0.016172
0 0.404297 0.492737 0.045484 0.051548
0 0.213014 0.612763 0.059128 0.052053
0 0.060645 0.734557 0.022236 0.046998
0 0.075300 0.737842 0.021225 0.048516
0 0.089955 0.732536 0.017183 0.030828
0 0.100569 0.741380 0.020216 0.046494
