0 0.714355 0.089734 0.055131 0.060997
0 0.761861 0.073898 0.042228 0.055131
0 0.735176 0.064808 0.012317 0.017009
0 0.747199 0.097066 0.011730 0.015834
0 0.754530 0.222870 0.039295 0.039883
0 0.802916 0.205274 0.049266 0.044573
0 0.970948 0.189732 0.051027 0.033430
0 0.942796 0.194424 0.013489 0.017008
0 0.973880 0.220523 0.038122 0.037536
0 0.956578 0.226095 0.018769 0.028737
0 0.840795 0.388865 0.016491 0.028080
0 0.867536 0.389980 0.053928 0.058831
0 0.831213 0.370591 0.078441 0.036102
0 0.854834 0.351204 0.039220 0.018720
0 0.826755 0.348530 0.080223 0.041003
0 0.803580 0.342959 0.039222 0.022730
0 0.847035 0.328473 0.040558 0.021394
0 0.878902 0.290590 0.028525 0.019611
0 0.883804 0.304852 0.028523 0.021392
0 0.890489 0.322457 0.029416 0.021839
0 0.267805 0.105570 0.042792 0.040912
0 0.289202 0.078296 0.041381 0.046555
0 0.281677 0.089347 0.039502 0.043262
0 0.941660 0.662339 0.017458 0.025838
0 0.922980 0.681717 0.054817 0.057609
0 0.968370 0.762720 0.042945 0.061800
0 0.990715 0.733217 0.013617 0.015363
0 0.980416 0.736534 0.018853 0.018505
0 0.987398 0.765164 0.020950 0.040850
