0 0.022217 0.832764 0.044434 0.094237
0 0.081787 0.978223 0.049316 0.040430
0 0.088135 0.621094 0.050292 0.103516
0 0.122559 0.496827 0.043945 0.054200
0 0.294922 0.022462 0.087891 0.043945
0 0.491212 0.059570 0.057617 0.077147
0 0.539795 0.060547 0.041503 0.037109
0 0.574463 0.095703 0.056152 0.076172
0 0.896241 0.025635 0.068847 0.044433
0 0.782471 0.275391 0.063964 0.063477
0 0.801758 0.235352 0.058594 0.049805
0 0.752441 0.328126 0.061523 0.063477
0 0.696534 0.435303 0.062011 0.069825
0 0.950605 0.675404 0.072581 0.111895
0 0.956653 0.594506 0.069556 0.048891
0 0.981326 0.555948 0.034223 0.079636
0 0.974017 0.460181 0.048841 0.070566
