0 0.056005 0.370552 0.049314 0.051427
0 0.087883 0.364212 0.034166 0.032405
0 0.088235 0.454912 0.050370 0.051075
0 0.109545 0.489959 0.036631 0.029587
0 0.092814 0.481154 0.015147 0.012680
0 0.113420 0.472524 0.014089 0.015145
0 0.125613 0.655980 0.029533 0.056233
0 0.089001 0.644248 0.040455 0.062706
0 0.070796 0.635146 0.025083 0.050973
0 0.199848 0.696234 0.055019 0.071202
0 0.236259 0.709179 0.031555 0.067964
0 0.245765 0.721113 0.027914 0.051378
0 0.176789 0.872415 0.039647 0.065133
0 0.201669 0.880507 0.041669 0.065133
