0 0.196875 0.36171875 0.39375 0.0609375
0 0.196875 0.2609375 0.39375 0.059375
0 0.590625 0.26484375 0.3984375 0.0625
0 0.59140625 0.16015625 0.3984375 0.0609375
0 0.196875 0.159375 0.39375 0.0609375
0 0.196875 0.0578125 0.39375 0.0625
0 0.59140625 0.06015625 0.3953125 0.0640625
0 0.5875 0.9703125 0.396875 0.05625
0 0.5875 0.86875 0.3953125 0.0609375
0 0.5875 0.76875 0.3953125 0.0609375
0 0.5890625 0.6671875 0.396875 0.0625
0 0.58828125 0.56796875 0.396875 0.0609375
0 0.59140625 0.46484375 0.396875 0.0640625
0 0.590625 0.36328125 0.39375 0.0609375
0 0.1953125 0.4640625 0.390625 0.059375
0 0.19375 0.5640625 0.3875 0.059375
0 0.19453125 0.66640625 0.3890625 0.0609375
0 0.19453125 0.76640625 0.3890625 0.0578125
0 0.19375 0.86875 0.3875 0.059375
0 0.19453125 0.96875 0.3890625 0.059375