0 0.1328125 0.0453125 0.13125 0.071875
0 0.2703125 0.04765625 0.134375 0.0796875
0 0.4015625 0.04921875 0.128125 0.0828125
0 0.49921875 0.04765625 0.0640625 0.0796875
0 0.73828125 0.0484375 0.3765625 0.084375
0 0.49296875 0.178125 0.8515625 0.084375
0 0.0953125 0.30859375 0.128125 0.0890625
0 0.22890625 0.30390625 0.1359375 0.0734375
0 0.60703125 0.30546875 0.6328125 0.0765625
0 0.0421875 0.42421875 0.08125 0.0765625
0 0.53984375 0.4203125 0.9140625 0.078125
0 0.5703125 0.54765625 0.85625 0.0953125
0 0.55703125 0.66875 0.1546875 0.090625
0 0.6921875 0.66875 0.121875 0.078125
0 0.8203125 0.66953125 0.134375 0.0859375