0 0.75078125 0.0765625 0.4953125 0.1015625
0 0.25078125 0.925 0.5015625 0.0984375
0 0.7484375 0.928125 0.5 0.096875
0 0.74921875 0.7859375 0.4984375 0.1046875
0 0.24921875 0.78125 0.4984375 0.1
0 0.253125 0.075 0.50625 0.1
0 0.25078125 0.64140625 0.5015625 0.1015625
0 0.75 0.6453125 0.496875 0.096875
0 0.2515625 0.496875 0.503125 0.10625
0 0.746875 0.4984375 0.503125 0.103125
0 0.74765625 0.35859375 0.5015625 0.103125
0 0.25078125 0.35546875 0.5015625 0.1015625
0 0.25078125 0.215625 0.5015625 0.103125
0 0.7484375 0.21875 0.5 0.1015625