0 0.64921875 0.165625 0.1359375 0.046875
0 0.603125 0.21875 0.1875 0.04375
0 0.54609375 0.26953125 0.1890625 0.0421875
0 0.5046875 0.32109375 0.1875 0.0453125
0 0.46796875 0.37421875 0.1265625 0.0421875
0 0.46171875 0.42734375 0.1296875 0.0421875
0 0.4578125 0.47890625 0.13125 0.0421875
0 0.44921875 0.53203125 0.1328125 0.0421875
0 0.44296875 0.584375 0.1265625 0.04375
0 0.440625 0.6375 0.125 0.04375
0 0.440625 0.68984375 0.1625 0.0484375
0 0.4296875 0.7421875 0.16875 0.046875
0 0.4171875 0.79375 0.16875 0.04375
0 0.4109375 0.84609375 0.184375 0.0453125
0 0.41328125 0.89921875 0.1296875 0.0484375